-102.834393532,-102.171171803,-102.034291185,-108.277889091,-111.777417754,-114.115250885,-106.246235911,-106.184186548,-90.6546923601,-82.2115817957,-76.7575682783,-76.9314526044,-78.2100703495,-108.293728796,-106.648485198,-106.455939023,-106.337413121,-110.226153666,-111.094236231,-112.668203401,-108.097596265,-104.57849332,-104.420685674,-104.765858528,-104.767122432,-103.692006511,-102.403237691,-102.062104556,-99.967339276,-100.276388884
-112.469640524,-117.708684397,-111.818824805,-112.205135648,-109.763268859,-106.750047818,-103.464258244,-102.438588615,-75.2054809088,-74.521174366,-72.9772893417,-76.9217634778,-78.196226283,-101.412623494,-99.6585902751,-99.8724500403,-98.5152970688,-101.533762563,-101.312292092,-105.986027375,-110.091675684,-105.688940673,-104.943402968,-104.507001611,-98.4898637928,-98.2900310722,-97.2018655821,-100.346899372,-99.1556551504,-100.95809808
-109.839496819,-108.394528396,-107.245014475,-109.748977924,-109.848773804,-106.261496353,-103.309146741,-103.545601448,-75.2077213144,-74.5229546239,-72.9772893417,-76.931064624,-78.2091671057,-102.04877393,-102.733308724,-103.036009418,-109.803243483,-108.661831246,-108.42692136,-106.417758785,-105.723367337,-97.7776245148,-98.232431027,-98.2155200651,-107.664522284,-107.711909903,-107.509637123,-102.35876347,-101.028031598,-101.200061174
-105.449106919,-104.859023375,-104.746164417,-109.330841173,-110.542338522,-109.308976852,-110.228699568,-109.644435489,-70.7742630535,-70.6258453657,-69.4538027895,-75.2653722426,-75.7114385051,-105.873198139,-103.39207486,-103.219746886,-102.611737194,-106.188104732,-106.74162739,-102.582996686,-102.442732785,-98.8541437032,-100.736759647,-99.1721642288,-102.848313859,-100.830762203,-102.930926091,-100.347384398,-100.572704446,-100.806884139
-106.192950631,-105.604394774,-107.166345158,-111.81928627,-116.040103806,-106.27144563,-105.222052674,-102.415546785,-90.5915268636,-86.6581791401,-77.6399010751,-77.8383364952,-78.1819436873,-99.3935497189,-99.4750288288,-101.348204763,-100.82697005,-103.038690109,-102.11397358,-96.5769404521,-96.6401928625,-95.6240733576,-99.9098592152,-99.6302434592,-102.151645418,-102.020198293,-101.403364082,-100.669419025,-99.9519545197,-102.355716372
-102.647363947,-102.663680422,-102.757354996,-109.882826401,-108.006938137,-108.14140005,-106.344076591,-105.008038709,-81.2161249317,-74.7198319619,-72.1796498333,-72.7533934129,-75.7057369799,-102.223746285,-103.637510395,-105.026550067,-105.895999112,-112.753867948,-107.842383241,-97.2132586825,-96.0615824213,-96.2438518788,-100.778809105,-103.009745062,-100.485431407,-101.547188116,-100.65224927,-102.800471755,-101.236697539,-103.645117053
-107.952693534,-107.663725089,-110.435981199,-112.123595026,-107.073746511,-106.022043958,-104.382107195,-100.555017463,-71.6845431206,-71.196543941,-69.5938735507,-73.7614262523,-74.6877536437,-100.85443575,-102.062239679,-100.856889354,-99.458151386,-99.4773831502,-99.6186117142,-97.8590806518,-97.4689420667,-96.2352530608,-99.5392534207,-100.371425923,-105.483421374,-107.75812487,-101.525969729,-99.4639703123,-98.4855453191,-100.534914337
-104.204243311,-104.34174753,-102.735073977,-106.044192862,-106.053542139,-116.296772503,-113.386366095,-98.6345622174,-84.580915269,-81.9460944754,-75.7195772234,-76.2851353093,-76.8564961732,-98.6082463998,-97.0698123713,-96.6979846169,-97.5990295559,-101.82511514,-104.019128348,-97.8134904073,-98.1624890106,-95.6051188433,-98.5873050077,-98.6645791568,-104.727107276,-103.225859628,-101.254784028,-100.494066626,-99.5730470123,-101.364638097
-97.4391794139,-97.5519466736,-97.4677438639,-107.190850239,-107.239088969,-108.699364013,-108.644583745,-103.19436347,-84.7060673888,-73.7165866262,-72.0067035552,-72.241381938,-76.8654036686,-102.51349369,-98.497660747,-97.4370216666,-95.6675471587,-97.6690998353,-98.7973817134,-97.3712663537,-96.7286854768,-93.4711351312,-95.2489590772,-95.5340675855,-104.184809983,-101.942251983,-98.6504588808,-96.5667872976,-93.3570099732,-94.367954829
-106.923379137,-106.92098821,-107.169134264,-110.614192175,-110.760014923,-107.58680494,-107.260753848,-101.476784012,-102.663224439,-76.8318125385,-73.2318132469,-73.2189037194,-75.6914267622,-96.8780979118,-101.727555982,-101.745989731,-105.798395717,-101.294275041,-100.981810137,-100.131901654,-102.998659636,-92.033972395,-92.2578620023,-92.0572390883,-101.996184329,-101.658870023,-99.2914455339,-96.0196387058,-93.1525467491,-93.9430398453
-105.724581096,-104.556249102,-103.273270366,-106.326150834,-106.406641488,-104.118556365,-103.293180695,-100.799675415,-81.2012712533,-75.4878568192,-72.5929238676,-73.2309443243,-75.7115154322,-98.8877131458,-95.8721369883,-95.9884608367,-98.3737471522,-101.544286176,-101.636083649,-100.561050869,-104.437250927,-87.0405168776,-87.0830154687,-87.0420667658,-100.549620993,-100.646695832,-97.2213502581,-97.4321830125,-94.8500804842,-96.9668220637
-105.649323704,-105.721241927,-103.627910672,-104.361154962,-103.815844608,-101.609977049,-101.01318386,-97.9455083947,-81.1731010056,-73.3037614537,-71.7274861175,-72.239023238,-76.8604846068,-99.5040530669,-100.808616686,-99.7877958874,-101.557003162,-100.941050323,-102.31909087,-103.206701256,-108.626089189,-82.3459166806,-82.3438810237,-82.3419881003,-104.657050435,-104.795334919,-103.518007648,-98.6348566796,-96.4431622825,-96.8088961161
-106.938484318,-106.415319385,-109.003428978,-107.095887212,-107.086668343,-107.152997006,-103.907176879,-102.826609006,-69.1889952491,-68.6538363032,-68.3327881229,-75.7940440326,-79.7833737337,-98.9789289233,-96.6955807818,-96.6052800188,-97.8277985778,-94.8522268812,-95.0051711867,-95.1368117067,-102.512484955,-92.2391548233,-92.2743432367,-92.114496739,-99.7872158388,-99.5710273913,-99.2253857,-97.6420450674,-95.5695466353,-96.0180539566
-102.118969556,-100.914499657,-100.878866522,-104.228915181,-106.910079487,-100.515684297,-99.6502859033,-96.0827369614,-81.1367367601,-78.025301586,-73.7225629592,-74.5595712444,-75.6985957531,-96.1722260499,-97.59683749,-97.5375612683,-101.046405414,-102.462923411,-103.202365912,-108.360938712,-102.216743789,-96.7886755506,-96.7573503425,-97.7170499934,-101.225386443,-102.030711945,-99.3920557329,-100.784407445,-98.5712500626,-100.620141435
-99.8699308081,-99.7086159755,-99.909100941,-107.288876007,-107.02059987,-103.585072063,-103.228026229,-102.824173441,-84.729482698,-76.1898055546,-72.3667753882,-72.6211704468,-74.6852309723,-100.587716257,-100.248064196,-100.01615983,-102.090987892,-96.4465035561,-96.249354644,-95.95749885,-102.562876512,-101.445397723,-101.767481108,-101.655085569,-103.196819067,-100.495648307,-98.8499638319,-98.6399023717,-97.7280145803,-99.7143953049
-104.912088782,-104.685881039,-103.289568672,-107.01737059,-107.413346318,-102.43639683,-101.696740672,-101.585137577,-73.8707333145,-72.0979730248,-71.6499951052,-75.6200870413,-81.7172817991,-99.8392363863,-100.76194515,-100.738082706,-107.4907014,-104.059769043,-104.561432866,-97.0139394597,-97.0869883183,-96.0990503249,-100.910351511,-100.132019514,-92.3516113986,-92.3721441082,-91.6978948305,-96.7349118577,-93.0807334309,-94.3668420924
-105.713847843,-105.77022164,-107.407556125,-113.587117114,-114.915921287,-100.268113107,-99.8056597622,-99.2871330187,-78.7247534413,-74.6739142575,-72.1537999537,-73.2302686158,-75.7115974138,-97.4074852235,-97.6929740577,-97.5626826225,-103.859821148,-103.621547426,-103.839971652,-98.2186932942,-98.1740227573,-97.7135760506,-104.220013578,-102.701300611,-103.592799998,-104.170903935,-97.247740891,-96.7970021017,-96.6374786615,-103.53183533
-106.838587032,-106.094661139,-106.080175938,-112.856229128,-117.45762113,-108.810853285,-107.772222257,-106.251413046,-78.7294704894,-73.3989791218,-71.3943788943,-72.2795622835,-75.7082199545,-97.0668496841,-96.6583078404,-97.2158759332,-102.19247855,-103.843668131,-103.918792998,-102.893856687,-100.978440838,-100.737190089,-101.286611957,-102.989694094,-97.0571744118,-97.6803567717,-95.9308700959,-96.9851255834,-96.085417918,-97.9211851739
-109.170185667,-108.943028773,-108.33940648,-108.67260731,-109.71478419,-100.49539278,-100.44865637,-99.8528255134,-84.7344423729,-75.2953367233,-69.9841170228,-70.129532198,-71.4930128122,-101.225510103,-99.2376519742,-100.443633388,-100.180505391,-109.778852122,-109.930768493,-102.256747497,-100.522188605,-99.7783859275,-103.014742775,-106.080780187,-108.800900061,-108.298586088,-101.057850756,-97.8002687895,-96.5159088896,-98.0650792316
-102.276352224,-102.236301046,-102.199161662,-110.705852819,-112.144749708,-103.20629081,-103.227568318,-103.120577388,-78.7322965321,-70.6489391633,-68.342340537,-68.7570206124,-72.1869134655,-94.0520761384,-94.0110005833,-93.9822905458,-100.44212121,-101.120993456,-102.726269371,-98.4212792668,-99.370880824,-99.1353896188,-104.586718833,-100.589357409,-101.259250803,-100.435603396,-101.838921441,-101.861441258,-97.7690362845,-98.8249746999
-111.632629212,-113.055588507,-108.441582326,-107.617667448,-107.644592986,-101.67930208,-101.793861577,-101.305289538,-78.7287557981,-74.6744015233,-70.7164543956,-71.4619440803,-72.9446911282,-99.9711634779,-96.5391739901,-97.1291789714,-98.3151892404,-106.316446412,-104.302166108,-96.5962057328,-96.4765621157,-96.3992982001,-102.416166051,-100.28654016,-100.286990708,-101.056216319,-99.8501792229,-98.6725468347,-98.7138556144,-102.297947544
-103.100058514,-103.093558263,-102.770046702,-106.118578388,-105.74289798,-100.944405618,-101.842099484,-101.507756521,-71.6891052234,-70.2705116702,-69.1800815189,-72.7529327731,-75.6981729029,-99.4003667556,-100.235632269,-103.503536281,-101.582313268,-102.637028939,-102.901043795,-89.1558419056,-89.1563940694,-89.1521903139,-107.533507658,-108.243756759,-99.4113680203,-99.498937677,-98.0420485265,-98.8659860743,-95.3048752467,-96.1210849073
-102.214577103,-102.381247802,-102.041701823,-110.098880178,-110.152663582,-119.099186054,-113.678420086,-106.824428964,-76.7909563249,-68.612961926,-66.8100487524,-67.2686802016,-71.4945826758,-98.6709282756,-98.6117445019,-98.9421117211,-102.557631957,-100.919593898,-101.493541582,-78.4037761113,-78.4180548666,-78.4136459342,-104.445261993,-103.249192668,-101.27279789,-102.084047786,-100.872716052,-101.122207734,-93.9019725356,-94.2910742102
-102.633044607,-101.869679345,-101.847795876,-108.143789575,-111.860904988,-105.218534942,-104.73355809,-101.119470246,-76.7844641937,-74.8677005582,-69.4040938009,-70.2768161135,-70.8514466937,-101.479199955,-99.2837165594,-99.5795544928,-100.151818111,-103.550566644,-103.481706595,-89.0916802701,-89.1719891355,-89.1598575631,-107.882104977,-105.978874866,-102.661426526,-100.992622008,-99.7712474227,-95.0730329448,-93.6229196252,-93.9880880968
-100.753317095,-101.001147541,-100.921240317,-110.579458153,-109.723294647,-107.23265917,-106.238770158,-104.543462499,-69.9456191342,-69.1384788466,-68.2754128534,-73.2309443243,-75.7085266621,-100.116372998,-99.8592336805,-100.64172572,-101.909198106,-102.985835928,-103.824508544,-92.5288772088,-92.5043537978,-92.3810149305,-105.886405842,-106.512178028,-110.068139792,-106.091808459,-104.872208713,-96.8323319649,-93.8566910268,-93.9474303725
-109.875047071,-110.18297174,-111.287652421,-113.971902231,-114.747077824,-113.696720256,-110.555308541,-100.762881074,-73.8637671418,-73.567236732,-71.0870128506,-74.3316318644,-74.6883610302,-98.3802434613,-97.7813406253,-97.3888031198,-101.949497607,-105.610196616,-108.481980476,-99.7470081458,-99.7212709926,-99.3803045414,-104.861858355,-103.323349605,-102.976414518,-101.538627074,-103.244144496,-100.52920455,-93.2779802596,-93.2635611552
-101.197629935,-101.222470155,-101.381800561,-110.877035111,-108.78294767,-108.414708319,-107.03717143,-103.765261299,-78.7200848225,-74.0231559316,-69.5700569856,-70.1304120237,-71.4953092886,-100.473429905,-96.620936169,-96.5197574585,-96.6411139561,-101.393437864,-102.311248182,-101.669685418,-99.9730324221,-99.9156322552,-102.669719978,-106.898578198,-100.529405145,-98.64362769,-97.7108501677,-96.5137772163,-95.8478575506,-96.5125809611
-103.774921625,-102.188818584,-102.448393107,-104.009246069,-106.584330987,-105.941423697,-108.502309506,-104.936847629,-69.9454028467,-68.527145832,-67.586989683,-71.3527945797,-74.6685944857,-96.3053306431,-101.559166921,-101.515802927,-102.535670375,-102.635668864,-102.269070254,-95.6317088047,-95.085315279,-95.2653181257,-103.559029368,-105.024307746,-98.5616425771,-98.2039605474,-99.1197598754,-100.210051831,-100.26865772,-100.123820132
-106.650165882,-107.813997379,-110.384169146,-112.88361825,-110.947601766,-111.371061836,-100.326610594,-98.9941221322,-99.0369213298,-103.946883812,-111.291347121,-106.70779004,-105.489539573,-105.651333939,-108.771301521,-113.556962154,-98.1758706846,-97.8187985736,-97.0088179346,-97.0450457268,-96.7498929363,-97.0304270953,-102.404211526,-97.9612493552,-98.587920691,-98.6697234365,-111.187825103,-106.037568885,-106.082168084,-104.075262962
-104.384889019,-104.710553539,-104.706061917,-106.27943139,-104.946308754,-104.59085414,-105.221801063,-104.181482341,-71.6875101191,-69.7099448979,-68.5129028423,-71.3591979452,-74.6831336756,-100.499296051,-102.828102238,-101.524340488,-101.593665439,-102.839295385,-103.281360223,-98.7869812085,-97.0989523564,-97.3317382178,-100.636022004,-106.088855673,-99.3644259148,-98.9971255989,-99.1380724631,-100.902547448,-98.6206607863,-98.5614926175
-104.594884345,-107.231009653,-106.226049722,-107.162113994,-103.0883197,-103.061855598,-102.702037936,-103.11844833,-73.8680779536,-70.5764441567,-68.8786458761,-70.5319513987,-73.7754069009,-108.423144014,-101.941178245,-99.984407453,-99.7486561522,-102.091263919,-103.721867982,-102.621527469,-98.1752879176,-98.3264776439,-98.1710808605,-103.807554758,-99.2765596313,-99.2913785798,-98.7351086513,-100.972461011,-96.0027994121,-96.0766045543
-100.296215681,-100.276635942,-100.617328176,-108.976845398,-108.051779773,-101.663302611,-101.750670656,-99.8149861801,-70.7719102036,-69.3541401882,-67.7804056001,-70.8067537362,-72.9479270012,-101.770536961,-99.3406025852,-99.1679000966,-102.137561413,-106.640555961,-107.723593453,-99.5586417118,-97.660978992,-97.5987790198,-100.800682763,-109.797314001,-97.8524512606,-97.7881844147,-96.9360685348,-101.078221342,-97.7620782411,-98.484651807
-99.7194471285,-105.903650901,-111.058798857,-104.873520314,-104.922131044,-105.066130576,-111.179566262,-115.550739217,-106.179437346,-106.571251357,-102.424452786,-71.6873158796,-67.6311319179,-66.3290295902,-67.8227096952,-72.1913052057,-106.247293112,-106.021787266,-109.724314193,-112.094652021,-113.922900608,-109.412385387,-102.264168553,-97.4918472113,-97.4459762742,-98.701072901,-104.438381233,-103.076542878,-101.829672047,-100.136188718
-101.398779355,-106.660149723,-107.237762097,-103.308582202,-104.824199847,-105.146219821,-108.740580168,-107.511659307,-107.143491486,-104.495305233,-104.016296063,-71.6873246401,-69.1218868007,-66.8919407617,-68.6379720721,-70.8495966892,-98.4570240383,-98.2233411998,-98.9792107396,-100.030649721,-98.8665973422,-97.4285710436,-98.3649070098,-97.973279661,-99.5214388402,-99.5183575828,-104.982666535,-103.744449421,-101.280739407,-102.649574075
-101.6362248,-103.204925237,-105.590489957,-101.168655569,-101.799671644,-101.278815928,-105.427086102,-106.477572424,-102.210975831,-101.413958354,-100.728834675,-71.6872741555,-69.121495648,-67.8432379155,-70.1505849481,-73.771194885,-101.939630251,-97.4951117917,-97.1491881268,-97.2044146583,-99.1726502236,-99.38195612,-98.9741291063,-97.4789092585,-97.6146321166,-97.5069018701,-104.540002556,-98.7067316469,-98.4139118631,-95.3134550859
-104.995298027,-105.519317251,-108.076406243,-107.113680219,-110.448752973,-110.167156399,-112.319134076,-107.388642016,-106.288027846,-103.82762176,-103.856472113,-70.772737472,-69.5914461102,-67.9434268009,-71.1390414812,-72.9458630336,-104.373763267,-99.5669937879,-99.0446647406,-98.8132251714,-105.389631302,-107.241658492,-98.9002853704,-96.3093577587,-96.1295613816,-98.7423951294,-104.225559642,-98.0918392359,-98.2435332535,-97.1421179859
-101.486557129,-104.336046985,-118.879097753,-107.216529347,-104.536339109,-104.408138844,-107.458738919,-116.12995147,-102.308844499,-101.0177675,-99.7838982304,-76.7852136071,-71.7074839083,-68.250152651,-68.9035062451,-70.8507642131,-101.072441367,-98.6680861108,-99.5855207782,-100.46041456,-108.719561638,-105.915869296,-100.856272734,-98.4104090755,-98.9239004819,-98.8678190118,-100.451439154,-99.9828255368,-103.215830084,-97.6129387562
-101.052125714,-107.390114698,-105.948110101,-105.183821892,-108.010238948,-107.766677103,-109.145953019,-109.578512224,-104.982699281,-103.85802331,-100.189034999,-69.1884578701,-67.3543564218,-65.7513315053,-68.3706173277,-70.8525839449,-102.497882914,-102.148003319,-100.931120626,-102.578242796,-102.000413842,-104.323082226,-100.117681777,-98.7638177076,-98.4202225981,-100.254742439,-103.002882401,-101.401382664,-101.949145452,-101.346492029
-95.9912556757,-102.958313524,-108.163434328,-106.421670393,-109.866627701,-109.526249574,-113.121228743,-109.364179589,-104.997257843,-104.883973877,-102.777425271,-69.9452636482,-67.8351437133,-66.2813725831,-68.7212060672,-71.4939070894,-100.098411022,-98.7474034198,-98.9961172986,-99.4834687706,-104.458654551,-104.681215895,-99.9366597159,-99.1307232295,-98.1693995497,-102.06729757,-101.077974879,-101.921814867,-100.476267179,-103.136568484
-96.3236629009,-107.528303844,-108.253192292,-107.276446889,-109.257621137,-109.381898094,-109.198007006,-106.035612819,-101.521769598,-102.064009991,-102.531457052,-69.1904768773,-66.6976925761,-63.6088192872,-65.0138276445,-66.5399644513,-100.25694308,-106.586451592,-113.454396305,-105.939289288,-105.054973506,-104.127209081,-104.976727128,-105.853064645,-102.59292805,-103.495607688,-101.127738874,-101.320846898,-100.314525576,-97.1532597496
-100.211152468,-105.179774386,-114.756029848,-111.42040199,-106.810691796,-105.732968644,-106.194160833,-108.744968024,-107.141902053,-107.178333549,-99.0586342738,-67.2501070533,-64.4447224866,-63.7715631357,-66.3563453753,-72.1883758037,-101.755148886,-99.4714951452,-98.6096895317,-98.1670648419,-100.21591218,-101.707409286,-98.5380839832,-98.256742392,-98.6573934349,-101.861085298,-105.637961964,-103.161887806,-105.412726371,-103.923480517
-103.637082552,-103.762656559,-107.948345818,-105.016871911,-104.479276272,-103.921788613,-105.648649418,-107.081759004,-101.948841798,-102.139523574,-101.619480019,-67.8514757264,-66.2574238063,-64.9638361495,-68.0998213123,-70.8518583222,-102.823976747,-102.022521596,-102.131495509,-101.935524792,-101.743755786,-104.417286239,-106.108050099,-101.379099827,-98.0379163277,-97.8976312518,-99.9214000602,-100.255860723,-99.8715824105,-99.4590420288
-99.5667786686,-104.324643446,-111.768867829,-111.22427121,-115.063959288,-109.492499901,-108.127827107,-106.721892365,-108.359362379,-109.81037388,-111.870722083,-64.3300343037,-62.9113105963,-62.0843068388,-66.0218386065,-69.6906723554,-98.872184047,-97.4408204111,-97.480237752,-98.3238657721,-105.748921855,-106.48529463,-101.339627648,-98.1984066694,-97.6707728175,-99.5297778987,-102.989553745,-101.155383788,-101.440855176,-101.105758168
-108.618735158,-110.037661871,-108.730074793,-105.407680379,-106.806511732,-106.989125772,-109.73308538,-109.542621487,-105.374813648,-105.440613561,-100.131790414,-67.8499004535,-62.1710644536,-61.5438939387,-62.7014624834,-70.2527789235,-100.4516909,-98.1848735558,-98.8710608176,-100.607417265,-107.217409394,-107.775887278,-109.766997884,-105.153347847,-105.216399434,-104.915218517,-110.815791017,-104.835223756,-105.45178915,-100.386354817
-104.349222005,-104.624338336,-112.716344164,-100.148922743,-100.05049686,-99.6115808222,-106.315256634,-106.831897917,-106.615893929,-106.252970352,-97.1375459703,-67.2484588814,-63.0183985592,-62.0758786641,-63.6472410277,-69.1662757906,-100.653468285,-99.2242187618,-99.4082414807,-101.987749969,-107.614266382,-104.103809582,-104.756560275,-99.1483177014,-99.7861493463,-99.6811080459,-104.567149118,-104.831531171,-104.524890905,-107.516730614
-102.135786502,-102.847120796,-107.975106467,-105.477916068,-105.583248662,-104.791717255,-107.476708656,-107.910017387,-107.09046221,-104.626368789,-103.548716005,-58.9530589481,-58.4495547671,-55.3195306521,-57.7846536914,-58.2129231805,-99.0669842455,-99.8105497178,-103.040590234,-100.561658702,-100.851542396,-100.068445094,-99.6683070817,-96.9787883919,-96.7399223406,-97.7239220044,-101.922894481,-96.4663095453,-96.459527107,-95.871512243
-106.439373072,-107.127550133,-113.931232844,-106.824801842,-106.716632137,-104.695871343,-108.448072713,-108.398279457,-109.96006124,-108.030630462,-98.7078087131,-65.1975836808,-57.7783171757,-57.3221396994,-58.0950255377,-67.3314490303,-105.391119163,-96.7598876214,-96.9214036919,-96.2692432629,-101.600915293,-101.559104941,-97.357905379,-97.9587242551,-98.0230633553,-106.173220557,-105.350495579,-101.323732789,-102.769559171,-100.995447036
-100.712167071,-107.167797755,-111.954290874,-111.680185362,-114.088850082,-108.062636586,-108.293879528,-108.493948092,-111.736643411,-109.711720299,-101.648373462,-63.169664776,-60.3408843439,-59.1800588444,-61.391336636,-65.4760843775,-99.6790603411,-96.0914324551,-96.663474112,-97.0860544745,-100.290837121,-99.992614558,-100.69800904,-101.424934431,-102.214683391,-104.292575574,-110.39672819,-98.8862872766,-98.2464713695,-97.3998647127
-102.749785251,-106.077289043,-107.87578583,-102.953034279,-102.507800124,-102.210157107,-105.711149517,-108.759215581,-105.010170124,-103.636220877,-100.45531659,-53.2731789125,-53.177606101,-50.8586261351,-54.5594806867,-54.6914093369,-101.960578312,-100.101885093,-99.8025346714,-100.55993508,-103.14712358,-104.838832992,-99.9200259558,-99.3057305909,-98.9730927481,-102.806157985,-103.584933064,-100.198917953,-100.016445298,-100.224967908
-105.282489928,-105.494069598,-110.136033794,-108.872854583,-110.320931041,-109.195749185,-108.252686316,-108.050831402,-108.820029633,-108.935181844,-105.230813318,-68.494744424,-55.0577613881,-54.8078587871,-54.997731012,-67.3315753218,-104.799429694,-99.6784896591,-100.114518075,-99.593043217,-101.985814586,-101.81217915,-101.824631514,-100.852432412,-100.041789015,-101.621306403,-101.326381766,-96.5687966402,-95.8378552713,-96.0538545777
-102.634111034,-105.663273274,-108.351746549,-104.180914053,-104.075742231,-104.273909399,-109.419152952,-110.659450878,-109.913986421,-104.606042543,-103.469402163,-63.169905358,-55.6722135014,-54.8784722055,-55.5748673302,-62.6493001222,-98.8430846277,-105.259904731,-103.749271863,-104.162295618,-99.9461319732,-100.520364927,-97.5559909991,-98.680623659,-97.980644624,-101.704142332,-104.459695195,-99.2030762045,-99.1981392739,-98.4960598403
-100.015892657,-104.237297213,-108.425238305,-112.359238169,-112.336074334,-110.426765464,-107.192350176,-107.155006096,-105.415325008,-105.592845989,-101.323161781,-48.1036705801,-47.7988382719,-45.8869474393,-49.8689638615,-50.3710537501,-100.616394029,-101.514324279,-102.191863062,-104.353383513,-102.317994084,-102.694758786,-105.442152808,-108.071132767,-103.976098632,-102.235473377,-102.233796494,-104.42835686,-107.047698786,-107.701325502
-101.829925609,-106.864043439,-108.234729671,-104.287518329,-104.681973548,-100.633328254,-100.632381934,-100.716915784,-101.956111568,-104.342989489,-103.239384187,-57.5192782267,-49.7588745184,-49.3792122596,-50.1027271519,-60.1513480609,-104.271957149,-100.033948174,-99.4053082472,-99.4639776893,-102.570454416,-108.420441656,-104.150235367,-104.384018907,-103.390360395,-106.473006366,-103.56660058,-103.394259696,-103.150759741,-103.524996767
-100.457247094,-109.588675268,-105.630000175,-105.268338341,-105.876756742,-109.186943427,-109.678036793,-106.399551814,-106.784052229,-107.288432876,-98.4641698211,-53.6276760554,-52.7736379924,-51.2768255934,-55.064753556,-56.6295948988,-102.802545793,-101.504350476,-102.314691361,-103.715521244,-103.622259215,-104.884484419,-98.7307364255,-98.4650755788,-98.1361894262,-102.632683969,-104.995960324,-101.149986375,-101.380753106,-100.619926062
-102.55104905,-109.280907953,-107.333664787,-100.069294702,-100.045156431,-100.058480818,-107.337083404,-107.049848785,-105.21862951,-106.399508002,-105.132739277,-48.698385852,-48.6057532683,-46.552408026,-50.6428457226,-50.7918722502,-99.6420894743,-97.9769568278,-98.2197064933,-96.6426238107,-98.565602528,-98.6264286754,-99.7647525005,-102.93553753,-102.744479904,-105.493291845,-103.516310779,-101.667543345,-103.056649127,-100.077159216
-101.336250474,-103.205439384,-111.229175625,-102.925021434,-102.966103182,-102.867750635,-108.421724559,-107.564910392,-108.422419969,-107.882468531,-103.770655393,-57.3324152843,-48.6516153691,-48.4431891419,-49.0437115778,-61.7349653108,-100.674415241,-99.2392814321,-99.3073569001,-99.9940869524,-102.173343887,-102.306106487,-104.518621184,-103.39879552,-99.4466128664,-97.8588941012,-98.0595853839,-100.331192987,-102.98636696,-104.003486363
-104.779582562,-107.646161382,-110.568274605,-107.938547632,-108.127028643,-109.095426137,-111.225909286,-110.536835085,-105.887618678,-105.273447525,-104.661630542,-52.392893142,-51.9058736187,-49.9347317045,-53.5776553213,-54.313666688,-101.302248939,-104.5910181,-103.733039936,-100.867904645,-100.800237186,-101.353743841,-98.2097017535,-98.7843333945,-98.6909856962,-106.498701246,-105.461610837,-103.018167606,-102.228839134,-103.408658541
-101.00302085,-104.831925535,-105.922851038,-109.869837398,-109.548045729,-111.208611613,-111.42676626,-111.23139883,-111.530936489,-112.923948025,-116.345110798,-114.645840597,-112.607680614,-112.445857678,-111.754555209,-112.966764447,-103.947867782,-102.224607422,-101.952784847,-99.0936013657,-96.1178806947,-95.9295313957,-97.205596758,-101.102698941,-101.227000703,-102.30712367,-104.532218971,-106.68510293,-110.747255721,-116.505350929
-104.802371895,-106.136076195,-106.299266043,-106.664673287,-108.350995778,-107.337738073,-106.501398114,-109.022865578,-110.607370156,-116.877960614,-114.050426115,-114.357641878,-108.189360203,-108.595800413,-107.848625811,-112.646317598,-107.850259625,-102.116489647,-100.595186187,-100.868417306,-100.467705233,-96.7988545825,-95.9117868483,-95.22152253,-97.8403826544,-98.4620487863,-97.2413174233,-97.4633010581,-98.2417876069,-111.287678113
-105.792481108,-109.747575793,-109.787622665,-106.578712582,-106.734553055,-107.287339334,-111.718488285,-114.001575996,-110.596027264,-110.704126992,-107.790971293,-108.303148253,-105.607630467,-107.333567307,-107.686226709,-111.565423982,-104.499848271,-101.134766047,-101.237161837,-95.45606628,-94.2147612759,-92.7560521569,-94.1392221713,-95.1351156801,-97.9988596089,-101.619475905,-104.846438747,-104.638802254,-105.417881376,-109.814251302
-107.863277003,-108.677485625,-107.451778201,-108.597032417,-110.976842481,-110.954741937,-111.338562497,-106.996800368,-108.072472558,-105.671425604,-108.373501958,-108.996445343,-120.39860706,-103.340395489,-102.417946618,-102.057291352,-102.812170741,-103.029594704,-100.824641585,-102.901360427,-102.767819077,-106.806597171,-104.725200884,-105.596052034,-106.160411189,-110.836793273,-110.978290563,-107.987522057,-108.041572829,-106.068970936
-105.729606011,-105.499561683,-106.245003104,-103.395826491,-105.490543351,-103.785223962,-103.047356256,-102.990843884,-103.772671993,-108.248823428,-107.467710501,-108.480804827,-106.976201276,-109.506395291,-110.12963174,-115.568535854,-100.993088086,-100.704438459,-100.716309372,-101.195159506,-97.0971735053,-96.3892357115,-96.855332664,-99.7384088864,-99.5659871048,-100.243314056,-100.067625229,-102.101266742,-103.98929716,-108.451420408
-105.20825774,-109.947539756,-110.538949579,-107.294503066,-101.603872975,-101.87984999,-102.225652058,-109.577549754,-108.067623062,-105.263292006,-105.344706752,-106.175430337,-107.999847499,-108.728790723,-106.669500975,-108.714502025,-107.624365559,-103.295433485,-102.979455144,-99.5665991057,-101.412715444,-99.7637267389,-95.4822666193,-95.3804739189,-95.932661194,-108.007164842,-107.304241908,-105.638676102,-103.385026862,-104.394179779
-105.31004196,-108.24444869,-108.068812311,-108.087340249,-103.675935273,-103.934938189,-102.273746719,-105.905956927,-105.192576957,-109.634799775,-109.415428659,-111.236648617,-109.610146271,-109.888223946,-107.638692345,-109.330443095,-106.23782998,-108.271223471,-101.685267008,-98.661626319,-97.8824415456,-95.7137430402,-95.1868404706,-94.1706670502,-96.3945277458,-99.3437198033,-102.743835691,-102.602509604,-102.129199539,-106.571227585
-108.947278658,-105.593521953,-104.97115804,-104.613078739,-105.189662052,-105.535281835,-105.565241282,-108.074592799,-111.014867291,-112.644234283,-111.426238377,-110.246355841,-111.602904495,-112.434653887,-113.872762311,-113.186013449,-101.294945995,-101.238659545,-100.853497349,-104.025695759,-99.4900334507,-96.4517598001,-96.4016566695,-97.4918687118,-102.282581644,-104.677582664,-100.764313775,-100.127024801,-98.743419914,-101.793070039
-107.575796407,-107.036612526,-109.961621239,-107.469838723,-107.414314452,-108.611393959,-112.271696525,-111.598218331,-108.676986675,-104.396924239,-104.779171488,-104.849384416,-109.952306811,-109.316030422,-108.459566529,-108.396158147,-99.7293273571,-98.3808157194,-98.1480556433,-100.001683638,-97.260499319,-97.1650964848,-96.3394905539,-98.2640720489,-98.0567109263,-100.69758381,-104.536672894,-105.355712615,-103.786881519,-102.406227597
-108.265084923,-106.055515599,-106.84979472,-102.638688647,-103.58828163,-103.951843822,-106.462310962,-105.52175637,-104.464143087,-107.057291694,-108.093402097,-110.940647743,-110.591946674,-109.454117526,-109.260921186,-110.909732504,-107.850259625,-100.741303321,-99.4792464678,-99.2033616687,-100.437104891,-100.10693429,-98.4356528906,-96.7029931908,-97.0673978389,-98.5816304649,-100.343639009,-100.190148823,-99.1751843423,-101.789063298
-104.226303488,-108.313213948,-110.222142574,-112.025663928,-110.368189547,-109.936028687,-110.680039111,-108.55497192,-109.029946122,-107.934248279,-108.362273882,-107.739593346,-107.253889786,-109.147157929,-111.02562889,-110.286010485,-107.083176472,-106.814333616,-103.832291851,-104.101131216,-102.586119934,-96.3471891095,-94.7027457872,-94.7942697551,-98.645254529,-105.132819674,-97.3939159188,-97.2202198993,-97.0398318389,-103.998498524
-104.862564455,-107.211135655,-103.613558613,-103.32128096,-103.238692581,-101.731388436,-93.9495440761,-93.967799854,-94.1714864223,-103.865257071,-102.209153962,-104.002545959,-104.570194789,-108.019601488,-104.412185557,-103.762793119,-91.1026716903,-89.7479274073,-89.7597588598,-89.8953127928,-87.617072891,-86.4162696625,-87.3445331569,-87.7494258776,-89.3498899826,-90.4683699152,-101.975488241,-103.912620492,-103.51913992,-106.403904344
-107.091122927,-107.969387138,-112.140514408,-104.262092367,-103.816994829,-101.992986229,-102.552970866,-101.573333149,-100.912982062,-102.282912326,-104.05443176,-109.532969726,-107.659206797,-107.358079225,-106.599789604,-105.959672005,-97.432737109,-93.6948627965,-92.3027743474,-90.3838177841,-91.6237446488,-91.7045986801,-93.3475876427,-93.1309119985,-94.7102974037,-100.964715369,-102.997912539,-103.221124217,-103.854629117,-106.034756641
-101.897696352,-103.3341169,-103.990571899,-102.51178594,-104.715604381,-104.875784557,-103.756820004,-103.589002433,-103.360731622,-110.069922246,-106.556146234,-107.51561549,-105.286966331,-107.314419737,-106.871789118,-110.074794506,-104.010406564,-98.0248381372,-96.1990139762,-95.4118073018,-95.6314294798,-96.5890049578,-97.596760699,-95.4309860971,-95.7754301412,-96.3891196803,-107.788134369,-107.506375088,-106.302082982,-107.671021076
-97.7677994983,-102.166319718,-100.463182342,-99.1872269574,-101.075646266,-101.779288364,-103.993773155,-104.259917452,-109.882307731,-110.720342998,-111.979624258,-112.320042008,-111.745858419,-111.742151797,-110.384140828,-109.41665845,-98.4078284235,-98.3389387441,-97.2125082684,-99.7788724965,-100.002090739,-99.4978150746,-98.3650099662,-96.413616153,-97.4773036495,-100.144955018,-103.061100634,-104.099871588,-103.62995088,-110.542847254
-99.2972391445,-103.447507238,-102.347127869,-100.87675662,-101.444969787,-103.653620227,-111.826196529,-112.447578925,-112.6123391,-116.413805792,-113.592607757,-115.209852237,-113.085471202,-115.654660499,-114.053027676,-116.884972977,-115.109415676,-112.649695146,-110.307353237,-105.853641312,-102.724066096,-102.854326168,-99.3450439061,-100.565250412,-100.218858274,-105.957380761,-106.126333119,-107.541137589,-112.925512465,-114.216196403
-105.606864959,-110.338443629,-114.992146449,-115.716164909,-111.473013205,-110.752025651,-110.63466009,-115.264217863,-117.573685722,-115.80092486,-107.473565852,-105.762753965,-105.922897673,-107.284276102,-109.588092198,-99.691178854,-97.1951427265,-97.1394058247,-99.855150336,-99.6206016296,-99.1973416945,-99.4312943152,-102.422916474,-103.325046793,-103.087065999,-108.988966305,-109.52455865,-107.235737913,-108.504461507,-108.672964827
-101.702159489,-108.113689806,-112.153870213,-118.761819868,-112.188429948,-109.499993558,-109.497337386,-111.49449335,-115.945151204,-114.720739399,-109.360476342,-109.616313712,-110.361251606,-108.061127901,-105.884385424,-99.6968208816,-98.8856907769,-98.7204953417,-97.1322864949,-97.5534887692,-96.3500470453,-100.384024467,-101.351313195,-113.044252626,-112.297780652,-112.345758813,-112.565949333,-109.542499215,-108.380448977,-108.862188496
-103.043045801,-113.599112769,-112.921735705,-115.19634039,-110.053164684,-110.500474723,-108.301589345,-111.66154603,-110.622039348,-114.142708449,-111.190157236,-111.029449678,-110.715762357,-109.316886399,-108.410197186,-102.058639138,-101.117101015,-100.187284424,-99.6349151769,-100.124815426,-100.672211899,-105.66775448,-100.857878777,-101.445417193,-101.666629256,-111.217212336,-110.060603794,-108.377359795,-106.378155108,-106.337448729
-104.884498801,-109.700378363,-108.168878938,-107.920698078,-107.461678953,-107.054398089,-106.855899834,-107.362723916,-113.192310734,-114.998063873,-106.396184063,-106.683073869,-106.181801664,-110.973606943,-109.43345875,-102.951358456,-103.264378298,-101.431975934,-102.40454141,-99.0209749507,-99.9422530004,-101.328292385,-100.41610115,-100.584359067,-100.514458228,-112.876837136,-111.28353897,-109.896728754,-106.748142371,-107.302420625
-100.305711214,-104.537121057,-109.424961836,-114.488356861,-112.375357851,-114.04088165,-112.959988437,-113.90357906,-111.966378548,-112.926624497,-110.434494365,-111.322362756,-110.931565155,-109.992583938,-108.850021172,-104.323885339,-101.061769439,-101.059202762,-97.8512329371,-97.1333365108,-97.1586622644,-100.623789291,-104.845222484,-104.925920869,-105.42091303,-113.467988784,-113.47913587,-111.977656917,-109.457866324,-110.083384971
-102.865855656,-104.8391957,-108.519040766,-111.120303279,-109.444154097,-110.884582524,-111.889626505,-108.181198325,-108.705534662,-107.369173763,-110.107562741,-108.58514451,-110.534870397,-106.809177231,-103.968113715,-99.7622592859,-97.3140291731,-97.3072641811,-94.8128303744,-96.2300965138,-95.6462770493,-101.56471545,-100.036310714,-103.5582576,-104.283169464,-110.510091107,-111.299897238,-108.92118086,-107.821449494,-105.373454357
-100.496678167,-104.293175125,-112.304514541,-113.911540671,-112.674629241,-109.855869707,-109.298691988,-108.891832351,-110.685507908,-111.144718219,-105.238670337,-105.328792985,-105.250523632,-107.799656491,-101.709769697,-99.3600003593,-95.5159158138,-96.3141637805,-95.316208382,-96.3176947621,-96.392595667,-99.1447109716,-105.45502996,-105.290534416,-105.472438501,-110.701371518,-112.64192799,-112.57198389,-115.82972935,-113.805217314
-108.717900134,-108.812866199,-107.280675123,-106.894736443,-107.890250222,-110.452432531,-115.366272505,-111.345171869,-110.714673283,-110.891200547,-108.43427645,-108.37998052,-108.025833392,-111.09916847,-98.4716716868,-98.4915694438,-98.5554565134,-110.797129547,-110.270411281,-110.018237887,-107.148029791,-99.2257167426,-94.9954571226,-95.1570198563,-96.9059458987,-112.993732768,-110.077693543,-106.007063804,-105.79253174,-105.727153194
-110.389073626,-110.371284559,-106.382420712,-104.752761333,-104.640560359,-104.859285196,-108.162487635,-105.528724706,-107.922695422,-107.83938902,-109.691094524,-109.919509984,-108.687908013,-110.666477786,-100.556889563,-100.695150854,-100.740101297,-111.471177598,-111.092916691,-109.863061758,-108.818592204,-91.405562653,-88.8753810362,-88.8925633209,-92.3605681289,-111.02632493,-110.556882742,-110.795521252,-113.443954126,-115.719351191
-106.002432089,-113.390031797,-105.286511239,-104.222626635,-101.106917794,-102.976757334,-103.716536173,-114.845889809,-114.747309092,-111.752967696,-109.028411877,-108.845281646,-110.078225768,-112.588606301,-98.1327324256,-97.9720187378,-97.943382371,-108.103891606,-106.403572724,-106.888805073,-107.122544988,-98.1536015374,-94.2206707012,-94.2646532972,-96.3675428176,-104.627546808,-103.025863362,-99.4149124622,-100.157984626,-100.775964429
-100.454561575,-100.472233908,-100.177169746,-110.391674173,-108.720053206,-109.902911548,-110.026151255,-111.589748924,-113.811413172,-112.666679425,-111.230133155,-111.053414376,-110.870341278,-110.707011256,-89.85243035,-89.85922821,-89.8348883551,-109.11712576,-107.489935349,-109.754045123,-107.087404876,-94.0483490155,-91.1821147072,-91.2322526199,-94.0431006213,-104.73465838,-104.069496081,-102.958079785,-103.666336522,-103.785143303
-107.722230703,-108.718650924,-108.054280776,-109.401983777,-109.43912066,-110.175307026,-109.157596001,-109.79526664,-108.500966907,-109.799902051,-108.026476912,-108.810802406,-106.003365381,-107.419843014,-90.6590411965,-90.6994970294,-90.6914409395,-109.585352651,-110.789162967,-105.368705186,-103.235338114,-92.1613391401,-89.3806104304,-89.4518575955,-92.2850851346,-105.710342272,-99.3703240359,-98.6453026061,-98.7598097059,-103.468799977
-108.318615092,-111.483884872,-115.771849214,-111.38015318,-108.202158687,-107.903822807,-109.38217928,-108.387437499,-108.504529123,-108.338211382,-105.2218348,-104.924204886,-104.065868774,-108.622155533,-97.7273948031,-97.8178190601,-97.8737814045,-111.431097362,-112.798677054,-108.231389854,-97.2432888967,-94.6523369184,-93.0328019833,-94.9170649863,-97.6884742841,-110.127285443,-91.965731424,-91.9055189205,-91.9085405359,-106.836460957
-104.215407843,-105.847982867,-106.004476741,-104.631544595,-103.917077581,-105.07516419,-109.534174154,-107.357124951,-106.428395692,-106.642881934,-106.364522902,-105.047213216,-105.24165312,-107.3673631,-103.45266737,-103.382756127,-102.642426881,-107.701838288,-106.46949119,-104.567964966,-99.9954222511,-97.5701980748,-96.7010005334,-98.2327505464,-101.046661179,-108.138689674,-107.587857792,-101.407382541,-101.440823953,-101.712442966
-100.770405232,-101.016440869,-101.074698142,-108.807094206,-108.186320297,-105.742155562,-106.369639971,-105.965992041,-108.288740616,-112.008466454,-105.45004101,-105.412221026,-104.755574307,-109.337179128,-98.1343949288,-98.0983320569,-98.1446806394,-109.998180286,-113.969246491,-112.734136124,-101.49570364,-95.5847300447,-93.6911239768,-94.402805834,-97.7871110729,-105.285179292,-95.7173909119,-95.4007942436,-95.6462109007,-104.328848599
-102.042301106,-103.623894128,-103.857761524,-108.060407956,-107.734250867,-106.467330832,-107.466103637,-105.265851467,-106.580086699,-108.325839608,-106.832831413,-105.964728589,-105.111477087,-105.066730472,-90.5149272034,-90.531807553,-90.5916199888,-106.8752786,-107.180144706,-107.252888165,-101.031611675,-96.3806301814,-94.5405045515,-95.4823462384,-98.5901859907,-108.45563721,-98.2448381978,-96.3359671991,-96.3805950216,-100.20840414
-102.661581057,-102.708433494,-104.734719537,-111.905442089,-109.999070174,-109.480970302,-109.702122158,-107.183492053,-106.457713791,-107.095037801,-111.897275201,-113.73292216,-112.056063359,-109.387096081,-89.6075962557,-89.6034843097,-89.6145073407,-109.265780099,-108.600334243,-107.686732122,-101.593862321,-97.7801296875,-97.2033601951,-98.7626565743,-104.825367335,-115.050691002,-109.038376809,-107.715331634,-107.785610937,-110.381377367
-105.016833867,-106.413604464,-106.044631416,-109.791903018,-112.257423513,-113.241696735,-111.655745623,-107.124545563,-107.970827812,-108.674841867,-115.021009631,-114.733901998,-107.792311301,-107.193626709,-91.657541657,-91.7398130025,-91.6983332868,-106.694762501,-106.347623313,-105.675452883,-102.242043014,-97.3640152103,-96.0468681446,-96.7661169521,-100.728341522,-111.464357008,-103.291256037,-102.490530948,-102.530746948,-106.708590153
-106.196686416,-108.541938873,-108.873360596,-111.094127038,-108.492884381,-109.215499655,-108.176224942,-110.845419392,-106.445229709,-106.63884427,-104.057289033,-105.19246344,-104.654829845,-106.611611064,-96.9093244386,-96.9993340387,-97.0430118768,-108.72620931,-108.502362255,-108.829809574,-103.403926387,-101.52563262,-99.4721014773,-100.345895861,-101.334046918,-104.565002964,-104.615902317,-103.370688338,-103.46101111,-104.718465116
-100.011416893,-99.7485617073,-100.345872845,-106.886354811,-109.011814125,-108.889000223,-108.57297519,-106.802433839,-107.353073243,-107.463297489,-109.554145944,-106.399967727,-106.959543663,-105.552149239,-105.57875865,-105.144400526,-105.466475239,-109.185800759,-109.961445066,-107.884955651,-103.351127728,-101.894844065,-102.186958107,-105.203210416,-107.425829927,-106.659396129,-105.65821572,-97.8230936775,-98.1536360173,-98.3060315321
-108.160297778,-111.032801947,-112.064579285,-119.957858894,-108.176267851,-108.180972442,-108.07825017,-111.424344449,-108.966484107,-107.947061598,-104.084020096,-104.296429525,-104.000280031,-108.967399463,-93.4853660126,-93.5080503846,-93.5088949064,-109.17952106,-109.291469581,-105.891847793,-100.830707567,-97.9549030799,-96.664117966,-98.1076460615,-100.134554129,-105.848038677,-93.2198120973,-93.0577335031,-93.052780145,-103.605358215
-105.804129286,-106.093053673,-106.436279489,-112.634720031,-107.488298371,-107.022131137,-107.106288843,-109.895642139,-112.102014559,-112.958757428,-110.83833282,-110.455839576,-108.540808055,-110.881071397,-88.4400237631,-88.4447494524,-88.4428273141,-104.514995635,-104.478782242,-103.35781954,-107.312591821,-103.499597941,-97.4741274442,-97.3966775755,-98.1880094483,-111.051852784,-107.213438239,-106.197371977,-104.944876576,-107.669056839
-105.510406124,-106.380797764,-105.639820749,-106.860165206,-105.930621742,-109.168842525,-109.11098025,-108.12977673,-107.704944289,-108.02935017,-106.151884889,-103.114414335,-102.803214233,-104.018054157,-88.6335438745,-88.6493680504,-88.6415905035,-107.954855107,-107.099357289,-107.567292161,-103.610332494,-102.731094907,-103.107645199,-106.804640328,-110.825981053,-111.991010321,-92.6460971914,-92.4392421734,-92.421830048,-105.114332292
-103.289749975,-103.453703565,-103.681702568,-113.660286074,-112.271908,-109.414052394,-109.60599461,-108.669134872,-111.906667431,-112.528068894,-109.748083917,-106.610372923,-105.309347604,-106.214957574,-91.7972566387,-91.8402856211,-91.8688865513,-111.048647317,-110.492453972,-109.808108135,-112.286217792,-103.918971242,-101.873424652,-101.648373324,-103.022569615,-105.578492961,-94.2269236361,-93.997466327,-93.9946257604,-103.573606575
-100.247576696,-100.249408175,-100.326772562,-118.988330924,-107.048535414,-106.778180278,-106.34895519,-110.984630721,-111.771644799,-113.481414735,-111.00000766,-111.371464972,-108.442565901,-107.975884251,-93.4127140461,-93.4779354087,-93.538260384,-115.225071156,-110.82469426,-110.668940763,-103.603245337,-101.261820962,-98.3448855634,-99.0684870059,-99.7033519336,-102.721542813,-94.5960332035,-94.662372879,-94.8400387466,-105.475467615
-107.053503965,-107.734476744,-108.155794613,-108.051360523,-111.50557114,-113.90086485,-120.22817699,-108.764696467,-106.055515671,-105.3305691,-107.651435359,-107.197392431,-107.395694576,-105.317092447,-96.0294134489,-96.1068084039,-96.1792886216,-104.648305761,-104.072054859,-103.478873275,-103.243756374,-101.497090646,-101.632309667,-103.81770762,-107.332202511,-109.628913237,-99.1399869827,-98.9972396697,-99.1082304965,-110.15330057
-107.173435542,-107.232235518,-106.587674275,-105.033297809,-101.124684661,-101.254648191,-102.326138477,-110.066971042,-109.64459335,-111.324108738,-110.51096964,-112.826876919,-109.411043105,-104.749183485,-95.0200938954,-95.0932487769,-95.4678142003,-114.406864249,-116.085019998,-116.720606202,-105.205766413,-102.462916336,-102.323278668,-104.329438654,-109.135907141,-107.71920784,-92.5816263179,-91.8840367125,-91.9065593267,-99.8563149879
-98.3605508742,-98.2712911536,-98.5299031255,-104.421630941,-104.224045428,-104.354917999,-106.634706479,-110.667663077,-110.640976533,-113.530683351,-99.9190113518,-98.562753416,-98.4030272307,-103.401881003,-90.0092145656,-89.9465734429,-89.8840338047,-101.390088617,-102.323902692,-101.319635457,-101.998364514,-101.727133528,-101.072476968,-102.014616115,-101.040451118,-104.242178996,-99.3195245146,-97.4912831019,-96.4545405072,-98.5102190889
-109.190732076,-106.009196161,-105.309912025,-106.211999922,-111.9101483,-104.973431189,-104.774448194,-104.372710957,-110.430178664,-110.561087306,-107.738015573,-108.468006772,-107.633135948,-107.096297033,-88.8210272743,-88.7997889059,-88.8281351077,-106.964929651,-109.015153725,-105.736395034,-99.1210617536,-99.1096739996,-99.3832534422,-107.867098168,-104.677864101,-103.079191112,-95.6467151636,-95.4265919298,-95.6786504394,-102.803849761
-106.261774704,-108.870315222,-108.369497188,-105.798821351,-105.720726316,-106.406866831,-110.206650173,-108.397593346,-109.250610831,-109.697346523,-102.153427747,-100.359121096,-99.4439014559,-101.543817794,-92.2243527766,-92.3461911632,-92.4747559881,-106.633799107,-107.059749607,-105.710490955,-108.610493402,-104.305212542,-104.77826752,-105.104841919,-105.829197374,-105.200830354,-94.6806458032,-94.4329900584,-94.5226167642,-103.652541994
-100.553776004,-100.99060368,-100.88273593,-110.554467216,-106.418010667,-106.559448698,-107.366704226,-107.463749859,-107.815305119,-107.273314055,-103.518722144,-103.135771552,-103.399226281,-110.18033251,-95.7555687863,-95.5942616094,-95.4574213275,-103.437732841,-104.062994999,-101.483478065,-100.714615704,-100.829409148,-103.96944626,-111.902503461,-106.78051808,-102.874750047,-102.502687314,-99.1728559492,-99.6344138888,-99.8943086587
-102.856070653,-105.139140043,-105.565510089,-109.414740808,-107.728679773,-108.670562449,-110.356302872,-112.826423667,-115.876219494,-114.351142877,-103.347196139,-102.571581702,-102.38773552,-107.730090583,-105.628841313,-105.840928063,-104.602885434,-107.273304921,-107.830660861,-108.369800739,-105.555833922,-104.548442997,-105.633819364,-107.595601387,-108.429458329,-101.435936183,-99.0235895456,-99.1756409765,-101.063079882,-107.221765089
-110.082771936,-112.708800604,-114.337296559,-112.695013162,-106.806648606,-106.508922264,-105.661711128,-108.820543556,-108.984867163,-111.297411142,-109.174144969,-104.875877271,-104.488954661,-103.803309397,-91.0901322341,-91.1152142509,-91.1733334056,-113.926425486,-108.946990679,-109.222553113,-105.968006156,-105.78017502,-105.462900634,-105.669899688,-104.837360579,-105.120533256,-100.570992714,-96.1770498652,-96.173073638,-97.6206306225
-109.975548106,-108.572283679,-104.142635904,-102.05515861,-101.391767877,-103.104788115,-103.975803904,-105.792015098,-106.660795792,-117.61303909,-103.449362013,-102.712318598,-102.538830748,-108.497765876,-91.2580679173,-91.2548177022,-91.2567758141,-103.586052278,-102.878414798,-101.000133187,-102.994407538,-103.371965534,-104.319588524,-104.633863844,-105.284014926,-106.943010675,-101.159322711,-95.8167186461,-95.9025286596,-97.1011214606
-103.421778234,-104.289070531,-104.121448323,-106.07833953,-105.959274138,-107.395177023,-111.913202318,-111.920734452,-111.560308447,-112.012307843,-111.337267954,-113.886841539,-113.221077183,-111.971499616,-90.1062771208,-90.0841736215,-90.0719679274,-105.710044939,-106.343934805,-104.6517817,-106.15409598,-105.131473413,-104.675809074,-103.838805162,-104.084345342,-102.764723024,-101.886072482,-102.28875506,-104.155364201,-107.524458516
-106.743842149,-106.963719946,-106.784142656,-107.005198271,-107.513418562,-108.406436597,-110.252735451,-107.953755427,-108.958102757,-107.436654118,-109.073014453,-104.941221761,-106.261777168,-105.754078476,-112.290433437,-111.655344968,-112.228040215,-110.58322006,-108.798032167,-108.544776742,-108.301586191,-106.496271642,-106.083088455,-106.237211679,-109.521851636,-109.012219877,-108.890794149,-106.114201405,-107.515425229,-107.7054331
-105.340038961,-107.24318908,-108.172627734,-107.167660967,-105.532171897,-106.176188203,-109.213985164,-113.876769677,-113.870751387,-114.698050475,-114.928365697,-112.304330859,-111.684441336,-111.121166021,-91.2657784418,-91.2634258942,-91.2585726139,-106.850953779,-106.098490024,-105.134273951,-105.179618692,-105.527306423,-104.730953919,-106.445175937,-106.066361176,-105.746740804,-100.911328175,-100.543458562,-100.857973892,-105.702002492
-106.356392312,-109.783136558,-114.441902664,-107.876204189,-103.69282167,-103.831679285,-105.35985502,-114.33496431,-114.396969034,-115.416466702,-117.799866195,-110.364423508,-109.900992697,-109.709811175,-92.4911740378,-92.5062956485,-92.5067012733,-107.214363846,-105.122600725,-104.733831244,-103.103092359,-104.206007892,-103.589833671,-109.388176088,-108.16769221,-109.290429872,-99.0668670286,-97.9875069182,-97.9426563261,-102.795891962
-102.631017281,-103.394589307,-103.261109927,-111.423463193,-112.12292572,-107.531243796,-106.674014204,-106.131144045,-108.270440352,-109.93385762,-108.100238556,-102.956129498,-101.670742333,-102.366144738,-99.3202566994,-99.6127966745,-97.8861838778,-101.750509811,-102.515091374,-109.873815466,-108.298093442,-105.98360574,-104.347565775,-104.307108723,-102.698065197,-103.789197913,-98.80583286,-99.5383298083,-99.2551727558,-106.242081885
-105.63010745,-104.569125777,-103.901954729,-105.011367334,-102.813236073,-103.648115474,-103.859269725,-110.510964222,-109.785303102,-109.483769188,-110.483162647,-107.497075927,-105.863832084,-106.320752859,-94.3621743297,-94.3976755455,-94.3368212652,-103.520460474,-104.121830967,-103.103416817,-104.396276367,-103.934882841,-104.632821937,-107.35364642,-107.008196005,-107.840646407,-102.642994772,-101.863577414,-101.239205705,-103.820235701
-103.53734457,-104.378009624,-103.776929052,-108.168755648,-107.771908552,-108.965067634,-108.237406475,-110.692255347,-110.542632874,-110.722430978,-106.691726754,-106.436326362,-104.318954468,-106.60915147,-90.4666726087,-90.5354414552,-90.5174803239,-108.422167826,-108.27146227,-107.47159403,-103.42893117,-103.067996338,-103.05832203,-107.475423083,-108.442937397,-108.409013279,-100.770602196,-100.562572382,-100.137226513,-104.436809099
-95.8447224468,-95.7780397627,-95.8816254033,-105.203861411,-105.703562297,-104.923392702,-106.982907716,-106.087650119,-107.622147076,-106.753282385,-105.678288898,-106.534072652,-101.851406576,-102.752405996,-90.7512344926,-90.9985436558,-90.9667777176,-107.904940586,-106.311798298,-105.192693874,-103.62990998,-103.569911404,-103.532184328,-106.531465616,-103.220315751,-101.775905849,-99.0228182463,-100.087069977,-100.781675953,-105.40854449
-98.8662097792,-99.0321689255,-99.3017013378,-109.460913874,-109.779215696,-106.493137628,-106.570472321,-106.642136153,-115.642226792,-114.051000451,-107.075869748,-102.67771882,-102.448603025,-103.348467422,-88.0236562811,-88.0312528422,-88.0508855187,-109.335431408,-109.612489984,-103.362854788,-98.9625280189,-98.8610008107,-100.116672073,-110.477708239,-104.615257538,-102.45652717,-102.386185729,-102.317765983,-104.14649418,-104.405914527
-102.645696222,-102.966129161,-104.608095693,-109.230796979,-109.004300502,-107.130174178,-107.637368869,-107.652703673,-109.710514212,-111.571261993,-117.03767717,-110.904742249,-111.023775707,-109.335961679,-94.4197859836,-94.30596979,-94.2927546505,-104.916477923,-105.128343269,-102.127523025,-98.685187411,-98.8144660768,-99.6627704033,-107.499575461,-106.085158995,-106.127790518,-99.7660501597,-99.7143261847,-100.185495348,-107.731856323
-102.641722805,-105.782240677,-106.500008237,-107.500321536,-103.118842705,-103.574687675,-102.811593998,-107.474533464,-106.267911324,-107.194640475,-106.662693511,-109.211457521,-110.032082157,-111.395164316,-101.63410434,-101.253973995,-101.282340695,-104.038084076,-103.921888488,-102.584900238,-101.055457809,-100.707693883,-101.249418578,-104.832328427,-106.933604715,-106.411522563,-102.616582405,-98.4038492382,-98.6134736931,-100.139030097
-104.192760385,-104.307036676,-104.217478765,-106.544068609,-104.080086203,-104.946838821,-105.455871128,-108.306345318,-108.4062022,-110.357726049,-104.888161673,-104.620766716,-104.116909894,-109.082142014,-94.1007642755,-94.1226582846,-94.1448959842,-107.396749276,-105.619335464,-103.0564518,-100.607180716,-100.874154488,-102.377632694,-109.793460669,-105.603760456,-104.718870559,-94.6570305191,-94.64646438,-94.7128240413,-105.639009816
-108.567330865,-108.097216753,-106.485710855,-104.11422167,-104.21721049,-103.983040689,-104.92501763,-101.422018782,-102.905494616,-103.49486628,-107.177246436,-107.406522643,-105.141122103,-107.765239833,-92.9415044894,-93.0408994734,-92.9267638773,-104.182902872,-104.386466731,-102.842795309,-99.1823531954,-99.0120132144,-99.8683475953,-107.59567387,-107.404251586,-104.212779387,-100.77082876,-98.8552689255,-99.830676995,-102.425149725
-101.643721187,-100.584791125,-100.643551705,-105.516856403,-109.459888208,-107.832795583,-107.014171089,-107.519106691,-111.244877421,-113.506539119,-107.222763081,-105.227178785,-104.636905369,-106.795779839,-90.7766303947,-90.7926329622,-90.7841298115,-104.331648913,-104.081805864,-103.508805341,-108.149217971,-109.402515454,-104.798285641,-102.951530034,-101.645012073,-103.838484327,-98.9210023376,-97.7219567153,-97.4096232745,-100.754587671
-105.316090274,-105.826884387,-106.78500811,-107.090671272,-104.931603553,-107.116591253,-105.702004371,-108.340153186,-108.11525228,-112.046611357,-103.726626433,-103.987765151,-104.106293603,-106.66189251,-92.9003314305,-92.7073463615,-92.8791695322,-104.84412795,-106.551219473,-106.365383702,-98.885675274,-99.1327987167,-99.053117437,-108.682502809,-104.015309783,-102.601616136,-96.9766191153,-96.4744796429,-96.4471272638,-100.845112832
-103.5462473,-103.81456253,-103.755292544,-113.217213029,-109.885200434,-110.748097052,-110.579468084,-111.922348223,-109.783078028,-109.768203415,-107.560000789,-109.159307131,-107.059180769,-104.793199769,-97.1894549052,-97.3165911682,-97.8200003581,-102.545855445,-102.639242296,-100.953320679,-104.454988787,-104.563972038,-109.385267483,-107.266981259,-104.766412233,-105.64716465,-98.7108888296,-97.6345558049,-97.2361874349,-101.476938447
-104.442008663,-106.29316379,-108.615446437,-106.345815208,-105.444239738,-104.953632705,-108.814104038,-106.077405077,-106.982342536,-107.070882201,-103.534824228,-102.350616577,-101.744292618,-105.854730878,-102.945092584,-103.661633304,-103.51671709,-106.566224927,-106.710457495,-107.337729807,-107.075861715,-106.844525725,-104.696622011,-107.948400548,-105.373079666,-107.241555836,-104.452297472,-97.7609508354,-97.7012724029,-98.14785082
-99.5119130312,-99.5445673162,-99.5025801192,-110.525905312,-110.2971285,-110.883082126,-109.837714183,-107.51911716,-107.213587072,-108.781863413,-112.862162639,-116.120902983,-107.155670933,-107.465253527,-90.6433839084,-90.7162007705,-90.7186433642,-111.117698203,-111.839466418,-106.360963102,-101.749030662,-101.16941187,-102.119215863,-108.5652147,-112.705380469,-110.518047485,-97.7528095771,-96.7736379223,-96.8652687561,-103.394611243
-101.702281282,-101.895897115,-101.327656788,-108.856374301,-107.078242055,-109.867734666,-109.236411733,-110.838152668,-107.376605207,-107.828492602,-103.504600047,-104.061462132,-104.067721732,-110.382242265,-90.625917014,-90.6223473818,-90.6299578766,-109.283848687,-109.29861725,-109.424339848,-98.7595653325,-98.6216197685,-98.3157289391,-107.154483081,-108.638436609,-109.906178768,-95.4312738008,-95.1160658261,-95.1937191931,-105.96235756
-102.152082963,-103.17071861,-103.492088872,-112.212666381,-109.615431331,-108.386552112,-107.776888951,-109.170149275,-106.457498111,-106.122127388,-103.166046324,-104.979665048,-104.763043526,-111.414233738,-99.311673994,-99.4145270159,-99.3305949554,-103.650691673,-103.344003695,-103.461271811,-100.953223857,-100.555684049,-100.608167077,-108.139947741,-110.491723659,-105.961401922,-101.073376618,-100.784563157,-99.9414834713,-102.473476287
-97.228988882,-97.2117571369,-96.660239428,-103.924203977,-102.474113745,-105.415819508,-106.769033398,-107.747374531,-106.295886973,-106.458748741,-106.159214592,-107.204597625,-104.572578456,-105.553132345,-91.8079928048,-91.906264496,-91.8938283417,-106.946991384,-107.314271168,-109.996347084,-96.6172463782,-96.3906839256,-96.3102387455,-106.20013786,-105.701123731,-103.222888175,-96.9329493043,-97.2503513266,-97.578230002,-105.929350238
-104.703083754,-104.836307143,-105.037637765,-106.577988542,-101.892757867,-101.974499857,-102.560785717,-108.957214564,-109.396678022,-111.850979177,-106.056269588,-104.128897685,-103.785134652,-102.713228417,-88.2150373172,-88.2059932335,-88.2837454339,-108.659589516,-108.89485292,-106.405221598,-105.524623004,-106.933439017,-109.532077941,-109.236817934,-109.335189527,-103.888167874,-98.6362515587,-97.406287161,-97.6917864613,-101.292377631
-95.8244424333,-97.1222311729,-96.761712386,-100.572400273,-99.5382143457,-100.905273544,-100.03786378,-100.421962935,-101.035539092,-102.505604083,-101.458189377,-99.4506223269,-98.7905192035,-99.1757048621,-98.3770225558,-98.0105526524,-99.1247133818,-97.8859013092,-97.6980638853,-97.3981593048,-99.1625622681,-98.737826363,-99.26825845,-100.357529021,-100.603167092,-101.0099334,-101.502082368,-97.8083209183,-97.7413616527,-97.9770965753
-106.759534546,-103.878177193,-102.095238007,-101.992385912,-101.772126227,-102.070838874,-102.096573,-101.806668301,-103.01456301,-104.850328894,-110.011121157,-106.573171538,-105.655229251,-105.598410175,-85.835393255,-85.8408382149,-85.8420503567,-108.413992024,-106.838965779,-107.53901421,-104.89646253,-105.489238781,-103.232947447,-105.359295381,-104.642940084,-106.342664517,-104.928995145,-103.620007264,-99.2647628321,-99.3088275329
-106.309230637,-105.284782404,-101.873676099,-102.226832227,-102.553223757,-106.682526683,-106.482708701,-108.410780875,-112.659289117,-107.377162468,-104.449158244,-103.008784606,-103.851204298,-105.578031654,-91.0389658905,-91.0580787607,-91.0557043605,-106.435837192,-104.986296245,-103.12097883,-103.149526024,-103.632167053,-105.201009434,-108.08363263,-106.02560614,-103.954955072,-101.874943526,-101.457184435,-102.792804902,-104.601585332
-106.832832967,-107.095495996,-104.445258742,-104.269572943,-102.577410324,-103.49950569,-104.660020765,-105.707411619,-107.49938442,-108.564233796,-114.682410455,-108.541176688,-106.355274569,-105.879960118,-91.1182283082,-91.1712047086,-91.0996218199,-107.702498192,-106.188689231,-108.408995911,-104.333192542,-104.898196335,-103.912636418,-106.827302747,-106.122757409,-109.975653756,-109.170646423,-98.7500893812,-98.7228738116,-98.4691743986
-102.858271139,-103.483978033,-103.249200338,-107.399732737,-108.444977837,-107.709058924,-108.044037827,-108.04438091,-109.40969903,-116.190812002,-106.143382679,-105.976294782,-104.523889614,-106.699594978,-90.7256568458,-90.7766919003,-90.8015571995,-102.288142161,-101.471189869,-100.089997735,-98.3206563638,-98.6647753842,-99.7470743056,-109.897489808,-109.077589175,-104.282468569,-100.571995096,-97.7605851191,-98.4335009389,-100.580924922
-102.148280662,-101.980548011,-101.763781029,-105.701259694,-105.211858086,-108.372803512,-104.635928016,-105.472990793,-105.040505186,-111.771173913,-101.516188281,-101.151136153,-100.82210664,-105.090498364,-94.7966210834,-94.8697051244,-95.0338039358,-105.949523698,-101.068665069,-95.1701065248,-94.5395999545,-95.1883439813,-100.180209227,-105.087012557,-104.310594553,-107.087514926,-104.715991806,-103.143881096,-102.949444701,-105.261593978
-108.645477892,-110.4723744,-106.448346503,-108.121341646,-105.713817562,-108.289781738,-107.96322258,-112.887650258,-109.456403494,-110.044906747,-106.166049573,-107.232853435,-106.230280942,-106.97576072,-97.0147722323,-97.0095403358,-97.2003264418,-104.173166483,-100.324110454,-94.114335264,-92.396943542,-92.7543968228,-96.2946741037,-107.355982549,-108.419571117,-108.509346676,-105.196379789,-100.38225588,-100.188158562,-100.74855529
-105.641328035,-105.35958738,-111.756192401,-110.101426854,-111.536175427,-111.181588205,-113.216141622,-113.927717754,-113.561394,-111.301755815,-108.899584063,-108.026867147,-108.790917052,-107.871835579,-95.788988551,-95.7793976387,-95.904796731,-96.6836990245,-93.3875386401,-92.5413125328,-94.3078979691,-98.992698085,-105.171835649,-111.852448192,-111.371719016,-112.401654256,-103.8908708,-102.632273368,-102.87157238,-107.727984658
-107.102101354,-103.073994961,-102.982536737,-103.339798326,-107.220889529,-109.772671534,-111.431137805,-109.580606883,-109.546706314,-107.639744917,-108.487885829,-108.528137942,-106.533123802,-107.052162313,-106.679099491,-109.701768686,-110.200726382,-110.743416875,-105.806013636,-105.891740397,-105.202074192,-109.346321341,-108.002663198,-109.973711577,-109.243091754,-106.498924214,-105.898819168,-106.848324708,-110.654326759,-112.997656463
-102.653669259,-102.300905902,-108.36539041,-109.955627691,-109.847484519,-109.250310162,-109.788671344,-108.758915923,-109.190623919,-110.298472989,-109.663338904,-107.844860602,-107.120250252,-108.150558429,-110.11229648,-111.757440445,-118.724678034,-123.273376401,-111.252183871,-102.950981743,-102.512421949,-102.503050544,-108.792128777,-110.958759527,-114.224795864,-110.833674581,-108.582001106,-109.480023302,-109.442354433,-110.438984251
-106.725932593,-106.073318021,-106.785857095,-104.958012596,-104.922633887,-104.987377315,-107.241996161,-104.680035068,-104.632665748,-104.390871352,-107.278370631,-105.812024836,-106.4272699,-107.159027243,-111.804743559,-106.984219229,-106.582759766,-104.856838091,-103.691851154,-99.9979239303,-97.0448294697,-97.5014966301,-98.9343251648,-106.882039539,-108.094232196,-116.431456992,-111.018016356,-105.786076118,-103.968386936,-103.9112542
-104.834455757,-104.685252549,-108.904352865,-105.611994666,-105.769443602,-106.754192513,-111.381518908,-109.698586027,-111.238297552,-113.660028035,-118.906577031,-112.94226155,-111.820975395,-109.664475836,-109.420722103,-109.225408822,-110.56595996,-110.329303828,-110.75789902,-108.738457832,-103.433504442,-103.368450686,-103.692948483,-110.235980186,-111.115753091,-110.538586744,-110.012716889,-110.05023428,-107.090283533,-107.451319441
-107.906757138,-108.661475491,-110.093749994,-109.299639189,-109.740394175,-106.748671421,-105.983936335,-104.776977782,-106.002983324,-108.693281169,-112.726463797,-116.452123678,-111.559269909,-110.962147922,-108.009479218,-108.812475645,-108.607708767,-111.547402339,-104.839289111,-103.551343259,-101.843217959,-104.116672943,-105.173561466,-110.161806808,-111.214567023,-115.64457267,-116.699265373,-114.615114163,-114.387379551,-114.057549808
-108.072180214,-109.073800668,-108.599463761,-105.583604367,-105.843262627,-105.044615011,-108.521745128,-106.704681769,-105.327194547,-104.666133953,-105.036132826,-107.213672513,-107.161735193,-108.018150751,-107.955152958,-111.60901418,-109.299215844,-109.653621287,-108.616831036,-108.085317135,-107.6684724,-107.446382376,-109.280474712,-107.858586207,-107.339376052,-107.159149122,-106.144235439,-106.941449702,-106.938861856,-110.832090357
-103.646182128,-104.748955801,-107.173676315,-108.473234044,-112.798716553,-109.008395723,-109.481127556,-108.14932997,-108.337413742,-107.970327385,-108.916843717,-111.125010207,-112.89521333,-113.791322444,-117.511185674,-119.142368227,-115.270515158,-113.04371287,-109.419730786,-103.978252752,-104.241944467,-103.725915872,-107.651816012,-107.006468879,-110.16135304,-112.353168358,-108.016999812,-106.783610996,-105.806025083,-108.450551494
-109.593921782,-112.095185322,-110.536927306,-111.115887847,-109.910714898,-108.208287246,-106.123916173,-107.144986629,-108.7551223,-113.730181788,-112.211770938,-111.442437641,-111.389774399,-112.579951888,-109.660743543,-107.36024414,-105.315687414,-106.90410194,-107.951324902,-110.907488837,-110.032585723,-110.046036107,-111.827850563,-108.875159772,-106.138513733,-105.889604931,-106.667019774,-106.879470696,-107.144347042,-105.847633763
-109.233015893,-109.720342469,-110.861223059,-105.488587221,-104.918793909,-105.205820405,-106.917117235,-106.90955116,-105.020256817,-105.143870177,-105.326139041,-105.306787575,-106.767892946,-105.703321963,-104.935272556,-105.126268347,-106.295671927,-113.215993512,-113.12550891,-111.909159443,-112.095590606,-104.968879388,-105.333222185,-105.055387418,-108.401536131,-107.111460966,-106.805503083,-109.077129555,-111.151428567,-107.621783664
-107.658569493,-107.701754562,-111.704210688,-103.931471457,-104.163733206,-104.24416822,-113.212742417,-112.333344484,-108.980191402,-107.984424137,-108.186433008,-105.537186974,-106.160407794,-105.979564896,-110.188908864,-111.273778413,-108.858735766,-109.469072838,-110.170885639,-115.781607867,-120.941251032,-107.131160808,-104.618609731,-104.407147086,-105.267274156,-106.503388559,-105.582684162,-107.118940784,-108.222323066,-110.04270006
-108.223467162,-108.961504376,-108.468694583,-105.57551878,-104.932584527,-105.799986552,-108.171488522,-108.285950841,-107.674019914,-110.188618724,-113.504242432,-113.634815164,-112.181241506,-108.996135258,-109.825223884,-110.64560196,-111.411395743,-111.218381753,-108.681682966,-106.542295177,-105.206659184,-104.259596586,-106.250277372,-106.042456085,-106.815556686,-106.706542746,-104.093705594,-105.239606147,-105.133883146,-111.146338651
-101.133026349,-100.87783461,-101.649420515,-101.111780176,-102.165205716,-103.728907154,-104.451407313,-104.685380586,-103.642770705,-103.674787169,-102.211335001,-103.038062107,-105.889018111,-110.210643881,-107.80095792,-104.889018424,-104.246257702,-102.447380119,-103.18402554,-102.729836588,-102.551830427,-101.590733225,-101.12263372,-100.432498279,-101.268529028,-101.070265645,-102.371143514,-100.236912626,-100.485917548,-99.921139562
-109.992818926,-106.644662233,-107.22364443,-99.5744706932,-99.9046532228,-99.7972156924,-108.131967517,-107.482540626,-106.540892445,-106.021280479,-107.307014569,-105.47728495,-104.497571113,-103.883971426,-106.367253701,-106.461618753,-105.268245939,-105.806285387,-108.450492778,-111.849606038,-111.373460908,-110.435922733,-112.03268282,-112.438281832,-113.291160178,-114.145089022,-106.404352098,-106.064148727,-105.173864704,-106.750054593
-104.858762869,-105.575454193,-107.586860382,-105.737287047,-106.945293373,-107.489296028,-105.497429002,-105.258893803,-104.717026502,-109.533269729,-111.277844246,-115.223536451,-116.876707255,-122.347625358,-111.355214554,-110.32138261,-108.487788103,-111.398504984,-111.954699695,-113.903476999,-109.033420604,-108.365519753,-108.366712363,-110.959583423,-107.768674569,-108.198553481,-108.585843494,-110.915008879,-111.550031807,-109.188055463
-110.411355615,-107.811931292,-108.813674733,-97.7683774255,-97.9890083373,-97.9838556669,-96.7542912781,-96.7012981465,-96.653837664,-106.580033898,-107.637643405,-108.244069406,-115.578251001,-116.904461705,-111.647631507,-110.133365986,-108.581783193,-107.510743841,-107.720033919,-107.730789814,-111.413368579,-107.384622866,-107.614401032,-107.441817246,-108.969676656,-110.074849942,-108.344801825,-110.562559543,-110.157573568,-114.347885189
-106.4340972,-105.32804453,-108.695923888,-106.366535943,-108.471768891,-106.44446187,-105.656168105,-105.214829524,-106.460105618,-111.665370034,-111.164084677,-110.698842166,-108.60752671,-109.731621466,-108.226637904,-108.996360202,-109.050050984,-113.416517964,-110.717985035,-108.641198645,-108.041551114,-108.791457184,-109.946013733,-110.995280875,-110.499597769,-110.814316119,-106.376696375,-107.127632777,-106.218906315,-108.915316309
-107.476892416,-106.424114601,-105.825571119,-106.457447554,-110.57447434,-110.390506478,-110.437172686,-110.122185516,-112.163798579,-109.516414367,-108.225424277,-105.884078684,-102.274357455,-101.374671936,-102.092465754,-103.881208467,-104.666569393,-104.304917531,-106.956983855,-106.556562454,-104.764866723,-104.195525839,-105.489743521,-108.27788479,-104.555346528,-102.514003978,-101.083097937,-100.446220546,-101.78243896,-99.8360890124
-110.294372352,-109.502866491,-110.057391785,-106.053065613,-107.311091691,-107.136792954,-109.935171301,-108.718956334,-104.199298511,-104.829252323,-104.182600309,-108.535734704,-100.322105818,-100.742184487,-100.233362543,-106.715477181,-105.126667472,-106.87971566,-108.225561566,-106.261260743,-104.699960618,-104.439622072,-105.152674673,-107.32426786,-105.196953632,-104.313650622,-102.018118968,-101.27849884,-102.221092453,-100.903337613
-113.180315311,-112.398899665,-111.189877759,-110.264863845,-109.931968391,-110.994955991,-110.519589224,-112.380598432,-110.312258,-105.895773905,-105.511006937,-106.506020098,-101.445671486,-101.020660929,-100.453037618,-106.138457215,-102.253853249,-102.68046745,-102.890308964,-109.134359473,-107.833180318,-104.393907304,-103.838869749,-104.725501532,-104.728270038,-99.4751486289,-99.1012373621,-99.4421465547,-105.810891535,-99.3200171699
-110.016720182,-110.420561937,-108.996622558,-109.561287458,-106.799077282,-107.488330328,-107.644750334,-108.925998643,-109.56794788,-109.163075336,-111.31600431,-110.517091845,-100.650858187,-100.61776229,-100.654138681,-110.448668512,-111.003574109,-110.572744879,-111.426908992,-105.295834622,-105.822288393,-106.018473893,-118.753493703,-115.841099968,-101.36500254,-99.1302770354,-99.0536745312,-100.959703031,-103.474315671,-100.301728732
-105.926496128,-110.502108948,-109.059417707,-107.510107836,-107.379838885,-110.583911612,-113.694681187,-115.95392966,-118.373544816,-116.403022507,-116.731708012,-112.832878745,-102.137072311,-101.606497904,-101.728200864,-108.324864131,-111.062891031,-106.082955247,-106.94655944,-106.622665559,-107.824300617,-107.960964072,-105.865523946,-107.139644374,-104.61910583,-104.479192414,-102.51640452,-102.882282318,-103.629055098,-103.186249826
-108.364787373,-109.672936222,-110.258165841,-107.519992408,-108.503948653,-109.004701721,-112.151284178,-112.497014003,-106.220767848,-106.19841161,-105.574984631,-109.90864806,-100.616962655,-100.578721278,-100.49993757,-110.100396734,-108.874112977,-109.233336133,-108.95449229,-108.076196664,-107.942190162,-107.498889456,-106.919883188,-106.277520827,-106.463357376,-101.162609136,-99.1573122682,-98.9737862023,-102.027218175,-109.110186634
-103.735307847,-106.156178449,-105.154420389,-107.086684365,-108.927424406,-109.568735576,-105.326013394,-105.689174857,-102.873073068,-103.892976353,-103.359413153,-107.346799561,-97.8304926773,-97.9012014769,-97.339325976,-102.768619761,-101.703499302,-103.272580831,-105.26820528,-109.287481705,-105.823709326,-103.891387064,-103.443379701,-105.049968231,-99.0146853755,-98.7330309762,-97.3644661485,-98.978943976,-98.9285795376,-98.4359899
-109.08199188,-116.187203583,-110.88814513,-111.01562412,-110.260981062,-112.073314777,-106.110896338,-104.516522676,-102.112975526,-103.080330376,-104.532502236,-109.686471621,-97.5190311925,-97.3364653239,-97.4245460913,-107.72450041,-108.950877392,-109.09633601,-113.109317432,-111.01955618,-103.825113139,-103.718940573,-104.11103551,-112.397858527,-97.838595344,-96.7686880796,-95.6885542047,-98.6499533346,-100.356062597,-104.83189645
-106.43786717,-112.297402371,-110.803684804,-110.534686464,-108.937019593,-107.723590382,-107.257339034,-101.385147345,-100.065597802,-100.208876117,-104.311517677,-108.814987846,-97.3278590831,-96.9687475762,-97.1668978479,-106.682214945,-108.528354041,-108.511104182,-108.037211207,-103.800926326,-103.945006208,-103.068069674,-105.861335329,-104.776716365,-104.124255833,-99.9208251111,-98.5728541964,-97.1237124837,-98.2038477684,-94.1751340869
-111.836838146,-116.13667677,-107.803053789,-107.543685436,-105.837794239,-109.085719167,-106.526019926,-102.142991528,-98.6954356723,-98.9669313671,-100.959484098,-111.178653802,-92.5466913127,-92.4777318836,-92.4547721664,-106.276007274,-107.823140244,-108.747080882,-107.680016779,-102.633472745,-102.626753876,-102.71472661,-107.381819562,-105.543842277,-104.735296892,-97.9323682008,-97.2892850939,-97.3958901987,-99.3875466242,-92.3243789101
-113.271707236,-107.939712855,-106.209261997,-105.000478029,-107.707620069,-108.48292994,-110.917204006,-103.113978158,-103.131360133,-103.016677461,-108.56741158,-110.284931122,-75.9755775858,-75.9764721149,-75.9760217117,-110.931442646,-110.630971739,-110.144339965,-108.394865032,-102.606572216,-100.325177555,-100.114212598,-101.952881921,-106.571652072,-94.0142772183,-92.3219046902,-91.3312170996,-94.1413710368,-95.132330898,-93.2907028188
-116.415377287,-115.236570208,-106.456271917,-105.665942456,-105.11485836,-109.303710947,-109.551748777,-108.332055805,-105.873969571,-104.620304988,-105.644866703,-107.533548631,-93.0641840778,-92.9698599754,-92.9377334447,-105.376937351,-106.189763187,-107.191850271,-107.782532425,-108.981429807,-108.413205922,-107.942649415,-105.77834382,-105.904874115,-101.258002186,-98.228606397,-96.1671074923,-89.1229452719,-88.3624282022,-88.5576882416
-107.454402696,-112.738927261,-109.589327539,-110.281730121,-108.516329155,-109.902315682,-108.694975971,-100.227605389,-96.6389032416,-96.7227848908,-98.8011861846,-110.880679986,-91.5708366533,-91.6011852492,-91.5891694861,-108.658004849,-109.125479079,-109.841559758,-112.655829534,-113.152845681,-108.353083411,-104.423895428,-103.022702437,-104.002657676,-93.8337118365,-89.7699917571,-88.332532514,-89.5123350911,-93.3222454702,-102.724781858
-109.90478303,-109.896694361,-110.174964179,-110.409754564,-110.700397268,-113.173411853,-108.634613745,-103.496286608,-100.46375492,-100.829438361,-103.043171085,-110.985616541,-82.3005759146,-82.2982347464,-82.2972950786,-109.048773661,-108.870849821,-110.505519905,-109.796118945,-104.235473246,-102.657708844,-100.474992141,-101.266354565,-101.913977186,-83.0603451681,-82.1476240744,-81.6911667815,-87.144973386,-90.3147268507,-93.9865053358
-111.314532672,-111.016166204,-110.335657833,-109.551410533,-108.031558162,-109.087447513,-110.521829592,-102.357437982,-100.298765438,-100.257959111,-103.273097197,-107.973079025,-81.6913583113,-81.6968983129,-81.6953942773,-111.182366312,-108.990522005,-112.231820815,-110.936002587,-113.394718408,-109.529945384,-106.402047713,-105.904367814,-105.864311291,-88.6886472148,-86.1308671435,-84.9712392084,-81.1098383194,-81.7584641144,-82.1729376136
-106.296630211,-110.245669318,-109.706436406,-110.716340167,-111.375755138,-112.230497452,-112.610490736,-103.639015987,-101.122500339,-100.885041613,-102.971278263,-107.218680765,-91.3157196842,-91.3313968927,-91.3454126185,-111.074055696,-113.844941105,-114.711566572,-115.061128177,-115.1331841,-111.280127785,-110.33392251,-109.799455045,-112.100224589,-88.7136433536,-81.2560425416,-79.5493551692,-79.9807572911,-83.9262530386,-90.4905926084
-110.034391409,-112.64887059,-110.867495868,-110.158476992,-106.998195356,-101.936692725,-101.311758756,-101.280535249,-105.266020768,-107.327001599,-107.940664601,-108.373229671,-107.829031328,-109.380916894,-107.590580998,-96.6976348676,-81.2657750836,-81.2690435239,-81.3872521671,-111.220874297,-107.252974524,-107.469228223,-87.2884815685,-87.3041713993,-87.3036419335,-106.644129712,-107.761137525,-107.310094119,-111.229833427,-110.785559189
-107.237109996,-107.187839527,-111.374632435,-102.010632197,-101.846113285,-101.726451701,-107.802466716,-108.127086661,-107.827726556,-111.744380539,-108.829515996,-107.566355094,-107.790093506,-108.3334163,-110.724456522,-86.1673756344,-85.8656646354,-85.8587218751,-97.2377227302,-109.722014201,-112.140992733,-111.984754098,-80.7954627781,-80.7946598219,-80.7859638747,-104.291160029,-101.369533973,-102.129191113,-103.01624571,-107.313378024
-108.138777418,-109.072942244,-107.909680476,-108.035345393,-109.035223309,-107.359187109,-106.220805984,-105.678282918,-107.905779658,-112.957803092,-112.328172922,-109.897138613,-106.341600312,-107.095217305,-104.572141131,-83.4199905342,-79.1292171234,-79.1349135036,-81.1434894811,-108.274887384,-109.825391295,-115.466834631,-90.2349403159,-90.1992930282,-90.176538247,-107.472711807,-108.640250646,-111.081774442,-106.209091636,-105.587064107
-110.680588409,-112.43561334,-109.678926172,-108.749532785,-108.401668433,-108.188415477,-110.316794155,-110.224405012,-114.857935043,-115.020838652,-117.406990659,-112.919265967,-109.131804778,-108.057227836,-104.9324443,-91.7633423334,-84.6125683908,-84.6377026512,-85.5320684041,-112.033181184,-109.817940038,-104.067874089,-80.0346115573,-80.028599372,-80.036339949,-102.561187676,-104.070598058,-105.786842498,-112.654830187,-110.823119993
-109.472982285,-107.732131498,-107.711576277,-105.101270935,-102.781955462,-103.014474433,-103.361334259,-107.172624358,-107.110872444,-111.841275656,-113.884983324,-111.933920226,-107.94746296,-106.109100262,-106.60499642,-85.2385955645,-85.1227302823,-85.1230301419,-100.403644028,-113.478585281,-110.453911598,-106.665451537,-91.0545855695,-91.0515299373,-91.0798116172,-106.512036119,-107.478796415,-110.206369924,-117.788938816,-118.366846033
-108.191571847,-111.571321742,-111.721370079,-107.511579082,-107.853924251,-104.307723592,-104.417658455,-103.999927051,-108.10890166,-112.35444511,-111.548365,-111.241350157,-111.337475571,-113.178024735,-113.605038574,-98.9669570974,-85.1042666712,-85.0996995992,-85.2691127103,-109.776974523,-107.152095574,-107.258263331,-87.4901951304,-87.4634915027,-87.4132107979,-102.77135958,-105.171258851,-112.23828981,-115.593649052,-109.543442994
-110.434171139,-111.979445417,-109.884883322,-104.977713093,-102.309086667,-101.783956059,-103.684992481,-108.213637243,-112.905679523,-107.282733415,-105.531159381,-105.314570826,-107.185797392,-108.179182213,-107.750050921,-82.0206602113,-81.8566289117,-81.8556222691,-95.7747998102,-107.815092324,-109.540811044,-108.468896506,-78.1982674627,-78.1967349488,-78.1975144391,-106.353765279,-106.358969172,-107.639155592,-109.750860296,-109.492243629
-107.482328273,-108.521686839,-108.351071266,-107.192517066,-101.868515457,-100.351080861,-100.408029282,-103.759920589,-109.470852805,-111.550349584,-107.704755214,-101.570794358,-101.770333488,-102.158403925,-108.591021431,-92.6713755578,-88.7242986095,-88.7341466325,-90.9080270703,-111.861142106,-114.764200727,-111.719584202,-84.9721003158,-84.9653172322,-84.944692478,-105.968387677,-105.219773149,-105.374864329,-104.441719471,-105.348320836
-110.627324016,-112.266784307,-112.766157636,-98.8459573847,-98.7420857076,-97.477194903,-102.716199168,-103.085971304,-112.797150673,-109.930026303,-108.571999794,-102.620103027,-102.917895694,-103.424510587,-112.444830064,-90.1893099076,-82.0571237107,-82.0585818676,-82.765301101,-106.406980547,-106.13900276,-110.922093342,-75.1249732261,-75.1253079169,-75.1252769433,-112.190923503,-110.038144478,-110.966552223,-108.358409779,-108.047512326
-110.334791294,-109.635970131,-106.589845882,-105.936579269,-105.23789433,-99.9396098041,-100.065979809,-100.127081696,-106.217121384,-106.345289432,-106.630592343,-105.487066134,-104.863103353,-105.131309642,-107.243607624,-93.3425993691,-83.1382432621,-83.1389441959,-83.5591522689,-107.30808565,-107.45300519,-106.493030625,-97.1085470212,-97.1741487964,-97.1581507491,-104.938449551,-103.708175247,-105.49104636,-105.169794254,-106.987413247
-115.253195323,-117.863026552,-118.603646679,-100.861630634,-98.5852067064,-94.1950523605,-95.1622878065,-95.8203831892,-107.104783906,-108.045131477,-114.139529981,-105.752612798,-105.517333212,-104.519873626,-108.812566459,-82.8392894596,-80.7935704658,-80.7913128426,-84.9974474545,-105.519515913,-106.243905812,-111.44418901,-80.5076613725,-80.5059845228,-80.5071325748,-106.67925525,-107.503477177,-107.098709101,-113.126307148,-106.475505989
-109.711889094,-112.71350733,-116.305544737,-103.131679242,-98.5249478617,-98.5276848739,-99.8642174558,-109.788882474,-108.612436687,-110.841477487,-107.943491537,-107.474446484,-108.339382473,-109.578201571,-111.802779937,-85.1197125083,-84.6463619372,-84.6442334351,-94.3849968959,-111.076490923,-108.910408823,-106.830978075,-75.4331705249,-75.4339790057,-75.4352111028,-111.676293013,-108.877203765,-107.880735632,-104.843952683,-104.713460223
-106.85547555,-106.909978775,-108.915829157,-108.769676967,-104.972523495,-102.070057651,-102.692072608,-104.087616875,-110.8418292,-108.707553695,-108.110359989,-107.223201961,-106.490883899,-107.594589072,-107.299327602,-95.0414515218,-92.719869093,-92.721524658,-96.2911802708,-108.971190318,-108.86367792,-106.41807876,-82.0417521916,-82.0462509493,-82.0556018706,-111.131061824,-111.096788649,-109.958697527,-115.438747863,-110.362047683
-114.680686621,-114.057336361,-121.040217245,-104.36777882,-103.733265298,-101.011266894,-103.492386346,-104.023841278,-111.178289945,-111.424295072,-112.000076697,-111.105901785,-109.412440624,-109.064462784,-112.055766609,-89.9812297183,-88.2645335071,-88.2623603715,-93.0982527164,-114.043463907,-111.573737647,-110.184543199,-74.7763031155,-74.7757970323,-74.7756847042,-107.512352167,-109.697611578,-110.031303069,-111.719964984,-103.633896259
-111.866376112,-109.973139819,-111.407061736,-110.760146653,-106.047330825,-104.55543797,-104.692630575,-108.53686758,-115.337252701,-113.54170034,-109.049112243,-106.107350181,-105.930338966,-106.756756279,-109.550728189,-100.787411244,-93.5938186173,-93.6129201216,-94.3891082785,-107.835456475,-107.04009011,-106.601157009,-78.3448425482,-78.3417359125,-78.3422344522,-106.645148771,-110.628549863,-109.606545772,-110.070888292,-109.584497272
-110.957835823,-111.165354776,-113.194660728,-109.966759304,-108.226075838,-109.057004785,-111.487590127,-111.024133307,-111.017489764,-110.81710801,-111.202199653,-106.965949525,-106.776417405,-107.845537802,-113.699537556,-79.5510670656,-79.543014037,-79.5418247102,-105.249560002,-107.093433422,-107.961279894,-108.602300444,-79.2789329125,-79.2779344555,-79.2776650083,-111.703997544,-113.790884314,-115.27657439,-118.017270332,-107.883681543
-92.1253788345,-103.541110835,-103.817331631,-99.4015566146,-97.0909521811,-94.5973734159,-95.2239210275,-96.1098790267,-102.080462405,-104.266571307,-108.867799439,-80.2075456772,-80.2021383822,-80.1957904048,-104.079407928,-106.584181842,-112.47001446,-109.66839578,-109.610622816,-107.147979228,-108.57315521,-106.549419312,-106.765857437,-106.054807392,-108.399798464,-110.568607433,-112.227620003,-112.244286364,-107.037168951,-105.844943611
-94.1070557956,-98.9035844501,-103.33218106,-100.266786964,-99.8524663505,-101.520957978,-102.352029747,-102.90250618,-103.328670213,-107.575962849,-108.595130491,-84.0113575013,-84.0085866146,-83.9795179919,-103.914869559,-104.464264063,-109.050020167,-107.956691985,-108.187618452,-106.319589406,-107.761544324,-105.107781418,-107.094642687,-102.929654893,-104.410675178,-104.111223314,-107.495220934,-106.643051576,-107.045849299,-107.201303489
-95.5687291017,-99.124505022,-102.436095322,-97.9929504477,-97.820753193,-97.7450710492,-100.921230386,-101.126987439,-107.045681441,-105.863607214,-105.500600602,-79.1494810942,-79.1551386505,-79.1487259872,-105.278608353,-105.940582312,-113.00853496,-111.545075312,-108.347245777,-107.116153657,-107.476721778,-108.269048885,-107.549914098,-106.728292537,-107.029037188,-109.751856387,-111.791900501,-107.497757272,-106.395455851,-106.143118884
-89.3129885561,-97.619668827,-102.28894707,-98.6941159103,-98.2715909814,-97.8819411742,-100.198213812,-100.626072669,-105.627015378,-108.068836223,-103.411539298,-78.662595952,-78.6616253125,-78.6669351494,-105.019568843,-105.741997359,-111.518115223,-111.453910809,-114.980358725,-108.827446682,-108.213454051,-108.002404636,-110.515955009,-112.566100241,-113.113663296,-110.215088001,-110.057949589,-107.913779006,-109.121400738,-107.448254277
-92.5547842246,-93.6255042638,-99.6934724211,-97.7997346969,-97.0239905724,-96.9255947581,-98.1227266895,-99.2606147131,-106.703666731,-105.600678769,-105.896627724,-79.150358107,-79.157413427,-79.1584031124,-112.980707824,-112.504492254,-111.15586399,-107.3059421,-107.431901055,-107.241832559,-111.727588907,-108.559360283,-108.242593877,-105.568014329,-105.534601489,-105.475930486,-107.413642284,-110.094589847,-111.741429844,-110.802614791
-89.0208431742,-98.7788884803,-97.9924906434,-93.1899415888,-91.9106584522,-91.9107261411,-94.9876737434,-98.0137983455,-105.407020717,-105.393620886,-106.206271434,-72.1979013313,-72.1980953815,-72.1971664823,-105.451947142,-106.769421148,-107.680434981,-108.866559599,-107.585464725,-107.532291534,-107.461903923,-108.650751115,-110.198398219,-108.988815237,-109.129771637,-107.221457114,-108.820720333,-106.574335162,-109.817273343,-105.172031124
-83.4395753004,-88.0560433982,-98.7919232805,-97.5252681915,-96.8054263964,-94.1352129254,-94.5747742181,-94.9266847594,-106.865430453,-107.991556834,-109.209268047,-79.4088578974,-79.4014241183,-79.401041127,-105.601788538,-110.151609908,-105.006068244,-103.975786461,-103.323955722,-106.381273028,-108.517855646,-110.681627299,-109.950819479,-109.079903779,-109.453370647,-106.128052846,-105.980360353,-104.886013608,-106.636902175,-105.623402884
-82.8549396171,-85.4282569418,-104.633182281,-102.833517582,-102.887570124,-100.492033288,-100.40056496,-100.564271069,-105.909943702,-113.04160095,-111.192245333,-72.8933584271,-72.892583214,-72.8922314962,-106.711660481,-108.1613571,-111.382192276,-110.561240339,-114.463900619,-113.208900675,-114.618312152,-106.212426757,-106.547292474,-104.416447351,-104.467086665,-103.194970083,-104.610168135,-107.023347426,-105.011796241,-104.683111539
-81.7754850734,-84.5362741198,-97.996150707,-96.4318583345,-94.5487617142,-96.6254595975,-96.9658715006,-101.163045772,-100.55357367,-97.0489056215,-96.5768188925,-66.5732299855,-66.5756203213,-66.5750502402,-99.18383835,-99.1681691238,-100.592746584,-101.110486898,-102.538757891,-100.099556941,-100.344051116,-100.478880471,-103.535863961,-103.029414862,-103.938835619,-102.703582211,-103.900102735,-97.6672042168,-97.9430651983,-97.8584042952
-86.1456307824,-90.9835362156,-97.8729876128,-94.7831572272,-94.1410124073,-93.8745622692,-96.4426526917,-96.6480431244,-102.223081451,-102.204187321,-107.070775433,-75.0751804688,-75.0744429136,-75.0743235882,-106.58009189,-104.620123816,-104.178902899,-103.565899698,-105.542896879,-107.511207874,-108.614306316,-110.236518379,-110.160778356,-110.184844487,-108.45616976,-104.123425666,-104.680730205,-104.855686868,-105.50799402,-100.37912995
-89.1077505336,-90.7910212559,-100.378589126,-96.8720956232,-95.8234135355,-96.0400510239,-98.663271005,-100.680898142,-107.467946993,-107.030658676,-108.078184894,-73.2628461281,-73.262661355,-73.2623128637,-107.856129209,-108.634409342,-109.996398651,-108.198357451,-109.061522195,-108.28790033,-109.698090186,-110.315624509,-111.554710767,-111.383081412,-109.12406672,-106.950734753,-106.939314149,-106.015819098,-107.976759202,-107.891044108
-87.8508990949,-89.428613188,-99.852704444,-96.8050872062,-94.0355252614,-94.5795590113,-96.1477472924,-102.208021046,-106.864006845,-104.467226312,-105.284639785,-84.4425564582,-84.4539328294,-84.444855135,-107.400675527,-109.557546996,-113.562209496,-112.964063275,-112.904490064,-109.883510803,-110.168944774,-106.723745482,-106.513035078,-106.668357013,-109.28242472,-112.172278855,-110.985818555,-108.854679335,-107.094445805,-107.065768657
-88.0457622175,-91.801457353,-97.8548480834,-93.0423515088,-93.0333376423,-92.332807593,-95.9241339908,-95.9538998227,-108.893430059,-107.202000855,-106.041107355,-83.5774136411,-83.582746374,-83.5724959444,-106.064903794,-106.57835957,-106.805987014,-106.899587239,-106.079991784,-106.694333167,-105.939522185,-106.798606141,-109.728017509,-108.640638544,-109.069523941,-108.665326684,-111.841323624,-101.775474625,-102.007304627,-101.192832576
-96.3069365991,-96.5510843887,-97.149425544,-94.79166216,-94.7498902387,-96.8337010948,-101.470814005,-101.00485454,-106.253126238,-105.690811609,-106.53938509,-73.7803252191,-73.780472566,-73.7793457505,-105.058836727,-106.184235523,-110.508786396,-110.882050805,-111.190789928,-104.108695453,-103.838859885,-103.739044212,-109.337410177,-108.178345579,-107.59894512,-105.138605089,-105.980457503,-102.101193634,-103.117902757,-102.615875289
-98.3069798572,-105.54963669,-108.741597881,-102.340853215,-98.500069472,-97.6345912629,-99.0151680681,-103.432101933,-110.002936239,-107.80823494,-105.648246643,-79.9271634999,-79.9287622901,-79.9350694683,-111.5968199,-116.472591326,-113.633981132,-113.799299578,-112.768222012,-111.377205448,-110.84871395,-109.280598893,-111.576320242,-111.720965851,-115.195623879,-106.644073828,-106.872349647,-106.238135264,-107.612243207,-105.182358435
-93.6804969942,-94.6293410491,-101.625394886,-97.3798178571,-97.2688502698,-97.1281935959,-100.936309307,-101.158610182,-114.784686648,-114.440399046,-116.035056187,-81.4125652293,-81.4096157547,-81.4095130235,-107.867053692,-109.812815012,-108.542966112,-111.767007089,-110.371042586,-108.355633369,-108.996340326,-109.204972488,-111.086972934,-109.704562187,-110.619757675,-107.291635504,-107.5619107,-107.043678992,-106.201233455,-105.752033162
-109.867236289,-111.918548419,-110.417016115,-108.733824797,-105.45561087,-101.868420494,-102.19389501,-103.367235306,-110.960025919,-107.916821288,-105.646370232,-105.720817822,-108.113827456,-113.671315466,-112.777501427,-111.823277064,-107.196290523,-105.621220204,-105.535689133,-107.731572186,-112.338753336,-107.345060602,-104.575999372,-104.696180569,-105.166060813,-98.765468394,-98.7052916608,-98.9086174581,-108.21458676,-108.325638659
-105.427448505,-104.965072747,-108.204951254,-107.177784689,-107.341140452,-106.577707727,-106.607037544,-105.578560565,-107.395156606,-106.978768931,-111.046790691,-111.224913523,-117.209869033,-110.516450571,-110.969001631,-110.186039066,-112.75282707,-110.364723298,-111.335934631,-112.735705073,-118.498130294,-118.083000463,-112.350064644,-111.239965611,-109.703795181,-98.1529789792,-98.1082746636,-98.1462398378,-110.985188105,-111.616531669
-110.889045917,-109.541663357,-108.527691835,-108.484161222,-108.243903862,-105.119504695,-105.282991397,-105.995107154,-109.951627251,-106.888172237,-106.35109196,-106.459880472,-109.52990149,-111.861943357,-114.463190955,-113.028845519,-111.072157184,-111.236751895,-111.459303442,-115.192710004,-115.906372835,-112.961075033,-110.938554507,-101.103870295,-101.152832365,-99.5202056567,-103.445544443,-103.512065225,-112.364164764,-116.008315417
-105.115611164,-105.26774523,-107.622195124,-112.306878014,-106.360607453,-106.542214629,-106.234892579,-111.42898103,-112.420186808,-105.831563062,-105.012178201,-104.54402798,-108.271774559,-111.323183374,-110.308297339,-110.894856395,-109.288231044,-110.76661189,-110.064921968,-112.119100169,-113.632509018,-112.188605284,-108.478188776,-99.4645164549,-99.5481095392,-96.5137432659,-99.054883072,-99.0712054365,-110.254301705,-109.801594104
-103.402046849,-103.278589624,-112.268416012,-108.192336417,-107.796382493,-101.437897128,-101.260801066,-101.304573364,-107.083801924,-107.802299068,-108.519202044,-110.027268748,-115.056758064,-115.084214673,-113.918738295,-114.821351514,-107.736175429,-106.791410971,-106.324617664,-110.185662573,-108.400941031,-106.527014471,-104.973594197,-104.35528529,-104.158008396,-103.121222166,-104.519087287,-105.762374812,-111.239271577,-108.707189705
-106.090813934,-106.105861245,-108.003881919,-115.270599516,-112.636368957,-109.869451016,-108.496716814,-109.420264518,-112.55376061,-109.746378807,-109.010322275,-108.710502467,-107.873308561,-107.416692429,-107.661366399,-112.660163089,-113.554491801,-113.073205115,-113.414024688,-114.816334695,-112.093147507,-112.137711558,-108.139346349,-107.625488276,-107.784379453,-111.601944598,-117.298820931,-112.073426387,-109.473783917,-107.844536062
-108.540484822,-109.938456164,-108.244525817,-108.198203208,-106.952718428,-108.252326985,-107.837085102,-108.455579673,-109.950832235,-104.427214312,-105.170987088,-105.25699771,-115.54344411,-116.071486554,-116.962741042,-109.752419577,-109.058812917,-108.611241442,-109.802192277,-109.040793668,-109.266360224,-111.344417731,-110.67457715,-97.8580170462,-97.8645636989,-97.7126078404,-106.676810295,-106.897900551,-105.724849882,-106.776031354
-110.154340963,-109.81386063,-109.483438708,-111.406889954,-111.033179913,-107.232087077,-106.401410621,-105.840557925,-107.069811745,-107.460653179,-108.71807347,-109.572161883,-109.028283417,-107.742623395,-110.273311713,-112.207484795,-104.42667097,-104.261968325,-103.67897697,-109.333318909,-105.610905843,-105.480329429,-106.073567977,-104.297510599,-104.518704666,-99.2914236899,-100.53268797,-100.327927997,-108.606142636,-108.011871278
-104.252906817,-104.68251429,-108.489588325,-110.862429432,-111.128558412,-106.696037369,-106.114317425,-106.248272633,-110.283433353,-107.250054475,-105.418489433,-105.635089035,-108.272522608,-113.459375511,-111.962102525,-111.694607395,-107.302651907,-107.601298792,-107.871394639,-108.420176369,-108.581291126,-106.087029208,-107.61446398,-105.148952998,-104.349978676,-99.872148631,-100.344075088,-101.278313659,-111.9109164,-110.768533753
-102.825700338,-104.863972702,-109.702381424,-111.903372213,-110.306946878,-110.386110645,-109.800961476,-107.563538165,-108.070938169,-108.477621416,-114.441038129,-111.172122914,-108.929900939,-109.649940409,-110.877094865,-111.660404766,-104.507059616,-103.977932694,-104.171295689,-110.440637296,-111.639707143,-106.019396272,-104.979335085,-103.548648906,-105.1669537,-98.9358001487,-99.48904992,-99.6880240194,-109.605471364,-109.07213122
-103.99152504,-105.941747856,-118.176307886,-112.469727701,-110.844319409,-107.697179731,-107.910968532,-106.098589431,-107.495409152,-108.428530655,-113.909603204,-116.43353929,-108.287127692,-107.97595681,-108.073218774,-113.730020453,-112.922566596,-111.556145739,-109.060749242,-110.107093675,-109.578876921,-113.587717675,-110.151195084,-97.6981017967,-97.6295345045,-97.5858053329,-106.901477633,-106.574831994,-106.244096077,-108.480540846
-113.319191579,-108.976387222,-105.716024448,-106.002718489,-107.189212639,-113.4560699,-110.219728062,-111.395234588,-109.296744588,-105.433755316,-105.321071899,-105.848182188,-113.423309368,-114.974935892,-116.347109128,-109.327920931,-102.744629533,-102.577019062,-103.381849058,-112.746968442,-115.908444368,-111.370066888,-110.717162829,-107.713448297,-108.355611521,-97.8544220532,-97.9096038389,-97.9550616982,-110.277334777,-112.294866402
-107.644553871,-107.228943777,-113.355511227,-113.659391115,-111.660499827,-109.07536199,-109.157458386,-110.899501737,-115.802502914,-109.796947205,-107.069009263,-106.886662867,-108.264382806,-111.968777098,-111.95260061,-113.596454787,-107.154219512,-105.481630381,-105.284427519,-108.414935176,-110.896397626,-110.009497395,-108.436847867,-107.708848263,-108.528758015,-100.633734014,-100.648242439,-100.688706903,-110.250489459,-110.329180662
-103.170767396,-103.380665858,-114.660188612,-114.682931636,-113.175500152,-111.788682593,-109.34291344,-108.594980284,-108.661329038,-109.673340538,-110.363602124,-110.361305658,-111.991644821,-113.763297046,-118.685109037,-115.600429999,-109.49639581,-108.174945004,-107.870824939,-109.620350933,-111.938161816,-112.079035359,-113.182454713,-108.676081171,-109.082956491,-103.261803887,-103.797944076,-103.922228693,-114.353070851,-116.340529819
-108.452906722,-107.906863998,-111.24170561,-112.310251648,-115.070831819,-113.431826814,-113.268360391,-113.521410558,-114.022602152,-112.532995987,-108.406277414,-109.0400404,-109.179736967,-112.696864869,-112.442867435,-113.23782154,-115.016445447,-115.455074717,-116.452778021,-111.494449699,-108.956961282,-108.771762736,-110.488162156,-111.853165398,-113.102699061,-97.2488389947,-97.232387577,-97.1911202909,-110.630135966,-113.447181268
-109.880832755,-110.061528465,-112.015178535,-108.942380117,-108.398496611,-104.453577827,-105.002812135,-105.196645565,-109.222475632,-109.958630123,-109.473757341,-112.995434669,-111.445263419,-111.34532858,-110.271748874,-111.657123398,-104.657829383,-104.705361432,-104.4445475,-110.709450126,-112.122811372,-112.305146178,-114.358183999,-112.212689066,-114.837265093,-107.180159989,-106.722977333,-105.84820777,-109.421010943,-110.354820312
